<ticker>,<date>,<open>,<high>,<low>,<close>,<vol>
AA.P,20161031,89.61,90.5,89.61,90.5,791306
AADR,20161031,41.54,41.71,41.47,41.68,3800
AAMC,20161031,32.55,35,31.98,34.15,15300
AAU,20161031,1.3,1.34,1.3,1.33,138100
ABE,20161031,12.18,12.33,12.18,12.33,11500
ACIM,20161031,64.9,65.42,64.42,64.5,2400
ACU,20161031,21.23,21.86,21.1,21.86,1900
ACWF,20161031,23.87,23.87,23.87,23.87,100
ACWV,20161031,73.58,73.86,73.44,73.83,58500
ACY,20161031,9,9,8.9,9,900
ADGE,20161031,0.3,0.3,0.27,0.29,173800
ADK,20161031,1.61,1.73,1.54,1.67,53500
ADK-A,20161031,21.02,21.14,19.44,20.98,14900
AE,20161031,36.09,38.49,36.09,36.54,6400
AFCO,20161031,7.31,7.39,7.28,7.38,55400
AFK,20161031,20.6,20.84,20.09,20.53,18700
AFTY,20161031,13.53,13.53,13.52,13.52,400
AGF,20161031,12,12,12,12,100
AGG,20161031,111.3,111.33,111.21,111.3,3260200
AGGE,20161031,20.12,20.13,20.08,20.08,78700
AGGP,20161031,20.18,20.19,20.16,20.17,8400
AGGY,20161031,51.28,51.37,51.28,51.35,7900
AGQ,20161031,41.36,41.67,41.05,41.54,69400
AGZ,20161031,114.89,115.15,114.75,115.07,20900
AIII,20161031,1.06,1.09,1.06,1.09,200
AINC,20161031,45.49,45.51,45.49,45.51,1600
AIRI,20161031,3.4,3.52,3.4,3.52,12100
AKG,20161031,3.67,3.71,3.61,3.7,163500
ALD,20161031,44.76,44.87,44.76,44.87,600
ALFA,20161031,34.61,34.66,34.6,34.6,5000
ALN,20161031,0.65,0.68,0.65,0.65,5000
ALTS,20161031,37.67,37.74,37.63,37.7,15500
AMJ,20161031,30.38,30.47,29.98,30.14,1724700
AMJL,20161031,24.45,24.45,24.45,24.45,500
AMLP,20161031,12.44,12.44,12.23,12.23,8956400
AMPE,20161031,0.68,0.7,0.68,0.69,284900
AMS,20161031,3,3,3,3,2000
AMU,20161031,19.01,19.14,18.86,18.98,37500
AMZA,20161031,10.77,10.78,10.59,10.65,290600
AND,20161031,7.95,7.95,7.95,7.95,100
ANGL,20161031,29.13,29.13,28.7,28.74,978900
AOA,20161031,46.64,46.64,46.46,46.57,21300
AOK,20161031,32.87,32.92,32.8,32.89,37700
AOM,20161031,35.41,35.47,35.37,35.37,107100
AOR,20161031,40.34,40.38,40.25,40.36,67200
APHB,20161031,1.13,1.2,1.13,1.18,93900
APT,20161031,3.3,3.45,3.3,3.35,44400
ARGT,20161031,23.78,23.84,23.68,23.8,39100
ARKG,20161031,16.9,16.9,16.72,16.72,800
ARKK,20161031,19.98,20.01,19.89,19.92,1600
ARKQ,20161031,20.8,20.81,20.79,20.79,2500
ARKW,20161031,25.1,25.1,24.63,24.72,2900
ASB.W,20161031,2.7,2.7,2.7,2.7,100
ASEA,20161031,13.76,13.76,13.55,13.57,2000
ASHR,20161031,24.63,24.68,24.6,24.64,295500
ASHS,20161031,34.71,34.71,34.51,34.51,3300
ASHX,20161031,22.77,22.82,22.76,22.76,10200
ASM,20161031,2.03,2.03,1.91,1.95,156300
AST,20161031,3.25,3.5,3.2,3.3,105500
AST.W,20161031,0.45,0.45,0.44,0.44,300
ATMP,20161031,22.27,22.42,22.17,22.27,34800
ATNM,20161031,1.01,1.01,0.93,0.95,665400
AUMN,20161031,0.62,0.63,0.6,0.62,276500
AUNZ,20161031,18.37,18.42,18.37,18.42,300
AUSE,20161031,51.31,51.31,51.31,51.31,400
AWX,20161031,2.65,2.65,2.61,2.61,2100
AXJL,20161031,59.41,59.57,59.41,59.52,500
AXJV,20161031,49.34,49.36,49.34,49.36,1200
AXN,20161031,0.41,0.43,0.4,0.4,81800
AXU,20161031,1.84,1.84,1.73,1.76,222400
AYT,20161031,40.95,41.27,40.71,40.71,38200
BAA,20161031,0.26,0.26,0.24,0.26,456400
BAB,20161031,30.67,30.77,30.66,30.72,92200
BAL,20161031,46.01,46.01,45.57,45.65,13900
BATS,20161031,29.2,29.55,29.05,29.41,1034300
BBRC,20161031,16.17,16.17,15.82,16.02,17300
BCM,20161031,26.43,26.43,26.25,26.27,900
BCV,20161031,20.94,21.16,20.56,20.81,41700
BCV-A,20161031,25.58,25.59,25.45,25.45,5400
BDCL,20161031,17.66,17.85,17.35,17.35,184700
BDCS,20161031,21.68,21.68,21.26,21.4,15200
BDD,20161031,5.75,5.92,5.75,5.92,2300
BDL,20161031,23.15,23.15,23.15,23.15,100
BDR,20161031,0.58,0.58,0.51,0.54,13500
BEMO,20161031,24.7,24.7,24.7,24.7,400
BFOR,20161031,31.23,31.35,31.14,31.35,3200
BFY,20161031,15.9,15.95,15.8,15.83,4400
BGI,20161031,1.49,1.49,1.35,1.37,46300
BGSF,20161031,13.64,14.4,13.43,14.26,47600
BHB,20161031,36.61,37.35,36.35,36.35,11300
BHV,20161031,18.09,18.74,18.08,18.08,4800
BIGD,20161031,23.55,23.55,23.55,23.55,100
BIL,20161031,45.73,45.74,45.73,45.74,1470800
BIV,20161031,86.63,86.68,86.55,86.65,458000
BIZD,20161031,17.37,17.37,17.2,17.23,44000
BJK,20161031,34.68,35.09,34.68,35.09,2400
BKF,20161031,34.17,34.2,34.09,34.13,8600
BKLN,20161031,23.2,23.21,23.17,23.18,2971400
BLE,20161031,14.99,15.01,14.86,14.92,65900
BLJ,20161031,16.45,16.75,16.28,16.42,5700
BLV,20161031,95.19,95.33,94.95,95.3,77100
BND,20161031,83.21,83.25,83.14,83.19,1664600
BNDS,20161031,58.63,58.69,58.58,58.62,490900
BNO,20161031,14.3,14.32,13.87,13.87,98700
BOIL,20161031,15.33,15.36,14.24,14.29,70300
BOND,20161031,106.86,106.99,106.8,106.94,88000
BPMX,20161031,0.28,0.33,0.27,0.31,468200
BRAQ,20161031,14.11,14.11,14,14,1400
BRAZ,20161031,9.99,9.99,9.88,9.88,600
BRF,20161031,18.71,18.72,18.54,18.64,18600
BRG,20161031,12.15,12.46,12,12.4,66500
BRG-A,20161031,26.34,26.5,26.3,26.33,4400
BRG-C,20161031,25.63,25.68,25.6,25.61,5900
BRG-D,20161031,24.81,24.92,24.81,24.92,1300
BRN,20161031,1.6,1.61,1.6,1.61,3300
BRZU,20161031,47.92,48.55,46.98,47.47,194400
BSCG,20161031,22.06,22.08,22.06,22.07,39200
BSCH,20161031,22.67,22.69,22.67,22.69,67700
BSCI,20161031,21.28,21.3,21.28,21.28,67700
BSCJ,20161031,21.32,21.36,21.31,21.35,79300
BSCK,20161031,21.58,21.61,21.57,21.58,54000
BSCL,20161031,21.5,21.51,21.47,21.49,54000
BSCM,20161031,21.49,21.49,21.46,21.47,29800
BSCN,20161031,21.1,21.15,21.09,21.1,20400
BSCO,20161031,21.05,21.15,21.04,21.04,13700
BSCP,20161031,21.02,21.02,20.98,20.98,11800
BSCQ,20161031,19.96,19.97,19.96,19.96,1900
BSJG,20161031,25.8,25.81,25.79,25.8,33700
BSJH,20161031,25.87,25.93,25.85,25.88,71200
BSJI,20161031,25.18,25.24,25.12,25.15,828400
BSJJ,20161031,24.11,24.17,24.03,24.08,762500
BSJK,20161031,24.32,24.32,24.08,24.1,764100
BSJL,20161031,24.83,24.83,24.66,24.66,11800
BSJM,20161031,24.84,24.89,24.77,24.8,41700
BSJN,20161031,26.35,26.36,26.3,26.3,4500
BSJO,20161031,25.19,25.21,25.17,25.17,2300
BSV,20161031,80.51,80.56,80.51,80.52,920800
BTAL,20161031,21.29,21.36,21.29,21.36,2200
BTG,20161031,2.77,2.89,2.73,2.89,2985300
BTI,20161031,114.67,114.99,113.89,114.89,2020700
BTN,20161031,6.75,6.8,6.7,6.8,3500
BTX,20161031,3.39,3.4,3.16,3.22,205000
BTX.W,20161031,0.57,0.57,0.56,0.56,800
BUZ,20161031,24.98,24.98,24.98,24.98,100
BVX,20161031,5.59,5.75,5.36,5.51,321500
BWL.A,20161031,14.18,14.18,14.18,14.18,300
BWV,20161031,67.41,67.41,67.41,67.41,100
BWX,20161031,27.61,27.69,27.51,27.63,211400
BWZ,20161031,30.85,31.04,30.85,31.02,164700
BYLD,20161031,25.08,25.08,25.07,25.07,4300
BZF,20161031,17.29,17.37,17.25,17.26,8400
BZM,20161031,15.94,16.31,15.9,16.31,2400
BZQ,20161031,15.61,15.84,15.48,15.74,228000
CAFE,20161031,16.73,16.76,16.6,16.74,2700
CANE,20161031,14.18,14.21,14.07,14.07,10100
CANF,20161031,2.35,2.42,2.32,2.42,6900
CAPE,20161031,90.29,90.29,89.57,89.57,2000
CAW,20161031,2.95,3.05,2.9,3.05,10200
CBND,20161031,32.58,32.63,32.54,32.59,800
CBON,20161031,23.2,23.2,23.2,23.2,100
CCA,20161031,13.14,13.14,12.7,12.7,1400
CCF,20161031,66.55,68.85,66.55,68.35,17000
CEF,20161031,13.42,13.52,13.37,13.51,414000
CEFL,20161031,16.87,16.97,16.79,16.85,103900
CEMB,20161031,50.78,50.78,50.56,50.58,7700
CET,20161031,20.76,20.79,20.66,20.73,28400
CEV,20161031,13,13.15,13,13.07,16400
CEW,20161031,18.08,18.16,18.04,18.12,326000
CFD,20161031,9.06,9.06,9.03,9.04,5400
CGW,20161031,29.26,29.37,29.12,29.33,63300
CH,20161031,6.48,6.49,6.48,6.49,3200
CHAD,20161031,41.45,41.45,41.22,41.25,24500
CHAU,20161031,18.41,18.58,18.41,18.53,20900
CHIE,20161031,10.53,10.53,10.53,10.53,100
CHII,20161031,12.36,12.36,12.36,12.36,100
CHIM,20161031,13.65,13.65,13.65,13.65,100
CHIQ,20161031,11.95,11.95,11.9,11.93,13800
CHIX,20161031,13.86,13.86,13.76,13.82,8600
CHOC,20161031,39.58,39.58,39.58,39.58,100
CIK,20161031,3.11,3.11,3.08,3.09,126400
CIU,20161031,110.62,110.73,110.59,110.67,192800
CIX,20161031,10.9,11.43,10.9,11.15,16100
CJNK,20161031,26.35,26.35,26.32,26.34,1300
CKX,20161031,10.9,10.9,10.9,10.9,100
CLAW,20161031,39.33,39.57,39.14,39.14,900
CLM,20161031,15.01,15.1,14.78,14.93,311800
CLY,20161031,61.5,61.59,61.32,61.38,290200
CMBS,20161031,52.45,52.45,52.29,52.29,14400
CMF,20161031,119.25,119.35,119.11,119.34,25300
CMT,20161031,17.31,17.53,17.11,17.42,21300
CN,20161031,30.92,30.92,30.92,30.92,100
CNDA,20161031,16.33,16.38,16.33,16.38,1200
CNDF,20161031,25.85,25.85,25.85,25.85,0
CNSF,20161031,24.81,24.81,24.81,24.81,0
CNTR,20161031,25.98,25.98,25.73,25.75,3400
CNXT,20161031,32.36,32.36,32.18,32.18,4800
CNY,20161031,40.55,41.06,40.54,41.06,700
CNYA,20161031,26.35,26.35,26.35,26.35,0
COBO,20161031,101.24,101.24,101.24,101.24,200
COPX,20161031,17.39,17.54,17.33,17.54,7300
CORN,20161031,19.33,19.61,19.33,19.44,47600
CORP,20161031,105.33,105.53,105.18,105.5,37200
COW,20161031,19.35,19.35,19.19,19.28,51400
CPER,20161031,14.41,14.48,14.41,14.45,1500
CPHI,20161031,0.2,0.21,0.19,0.2,26300
CPI,20161031,26.78,26.78,26.77,26.78,1000
CQH,20161031,20.04,20.17,19.53,19.94,110400
CQP,20161031,26.98,27.09,26.5,26.5,143300
CQQQ,20161031,40.06,40.06,39.44,39.54,10600
CRAK,20161031,20.24,20.24,20.14,20.15,300
CRBN,20161031,94.87,95.2,94.87,95.18,4600
CRED,20161031,112.25,112.43,112.17,112.3,114900
CRF,20161031,14.82,14.88,14.55,14.69,203400
CRHM,20161031,5,5,4.65,4.9,58900
CRMD,20161031,2.14,2.15,2.08,2.09,80500
CROC,20161031,50.37,50.37,50.22,50.3,1300
CROP,20161031,31.43,31.43,31.43,31.43,100
CRVP,20161031,0.85,0.85,0.83,0.84,8500
CSD,20161031,41.24,41.36,41.1,41.11,53700
CSJ,20161031,105.57,105.6,105.55,105.55,457900
CSLS,20161031,26.97,26.97,26.97,26.97,100
CSM,20161031,52,52.25,52,52.19,65400
CTF,20161031,13.33,13.33,13.19,13.24,19000
CTNN,20161031,29.57,29.57,29.57,29.57,100
CTO,20161031,50.4,50.69,50.4,50.67,5300
CUO,20161031,22.1,22.15,20.1,21.95,15100
CURE,20161031,26.25,26.25,25.81,25.87,103500
CUT,20161031,24.18,24.25,24.18,24.21,3600
CVM,20161031,0.23,0.28,0.23,0.28,711000
CVM.W,20161031,0.09,0.09,0.05,0.07,16300
CVR,20161031,29.75,30.4,29.75,30.35,6300
CVRS,20161031,0.83,0.83,0.77,0.77,220500
CVU,20161031,6.7,6.75,6.7,6.75,700
CVY,20161031,19.24,19.33,19.24,19.3,42400
CWB,20161031,45.79,45.8,45.64,45.68,761400
CWI,20161031,31.99,32.05,31.89,31.98,143400
CWS,20161031,24.74,24.74,24.74,24.74,100
CYB,20161031,24.16,24.16,24.05,24.09,1200
CZA,20161031,52.24,52.36,52.13,52.32,20400
DAG,20161031,3.81,3.81,3.81,3.81,100
DBA,20161031,20.51,20.62,20.47,20.52,312800
DBAP,20161031,23.87,23.87,23.87,23.87,100
DBAW,20161031,23.27,23.31,23.23,23.26,27000
DBB,20161031,14.22,14.41,14.22,14.4,371300
DBBR,20161031,11.57,11.57,11.55,11.55,300
DBC,20161031,15.1,15.12,14.94,14.96,3300300
DBE,20161031,12.54,12.56,12.23,12.23,409000
DBEF,20161031,26.63,26.68,26.59,26.62,1252400
DBEM,20161031,19.92,19.98,19.91,19.95,32600
DBES,20161031,24.4,24.4,24.39,24.39,200
DBEU,20161031,25.85,25.89,25.8,25.81,637100
DBEZ,20161031,25.37,25.37,25.27,25.34,9300
DBGR,20161031,23.57,23.63,23.55,23.61,2200
DBIF,20161031,23.78,23.78,23.78,23.78,100
DBJP,20161031,34.25,34.37,34.24,34.27,2880500
DBKO,20161031,24.26,24.3,24.19,24.29,547800
DBO,20161031,8.82,8.84,8.57,8.57,191900
DBP,20161031,38.85,39.02,38.81,39.01,126800
DBRE,20161031,21.61,21.61,21.61,21.61,3800
DBS,20161031,27.94,28.05,27.91,28.03,12500
DBUK,20161031,24.43,24.43,24.41,24.41,600
DBV,20161031,25.32,25.32,25.24,25.24,14600
DDEZ,20161031,24.79,24.79,24.79,24.79,0
DDG,20161031,25.48,25.86,25.48,25.68,8100
DDJP,20161031,24.88,24.88,24.88,24.88,100
DDLS,20161031,26.02,26.02,26.02,26.02,100
DDM,20161031,70.29,70.34,69.9,69.98,57400
DDP,20161031,48,48,48,48,200
DDWM,20161031,25.92,25.97,25.89,25.91,302300
DEEF,20161031,24.38,24.43,24.33,24.34,1161400
DEF,20161031,37.85,38.07,37.85,38.06,7800
DEFA,20161031,24.09,24.15,24.09,24.13,5700
DEM,20161031,37.73,38,37.67,37.93,168400
DEMG,20161031,25.83,25.83,25.83,25.83,100
DES,20161031,71.74,72.21,71.61,72.15,45600
DESC,20161031,27.07,27.07,27.07,27.07,100
DEUS,20161031,25.87,25.94,25.87,25.94,400
DEW,20161031,41.79,41.83,41.71,41.76,2400
DEWJ,20161031,24.25,24.25,24.25,24.25,100
DEZU,20161031,22.93,22.93,22.93,22.93,0
DFE,20161031,53.26,53.42,53.22,53.36,102300
DFJ,20161031,63.04,63.16,63.02,63.13,29700
DFND,20161031,22.5,22.5,22.48,22.48,200
DGAZ,20161031,5.4,6.13,5.36,6.1,15451100
DGL,20161031,41.2,41.31,41.05,41.3,41300
DGP,20161031,25.1,25.19,24.87,25.16,15600
DGRO,20161031,27.26,27.31,27.2,27.22,292000
DGS,20161031,41.03,41.2,40.98,41.05,195500
DGSE,20161031,0.93,0.93,0.93,0.93,1200
DGT,20161031,67.72,67.72,67.72,67.72,300
DGZ,20161031,13.86,13.89,13.86,13.86,3700
DHS,20161031,64.25,64.5,64.25,64.39,36900
DHVW,20161031,24.6,24.6,24.58,24.59,4200
DHY,20161031,2.48,2.51,2.25,2.44,1206500
DI,20161031,49.86,50.43,49.86,50.17,2500
DIA,20161031,181.58,181.7,181.05,181.17,1415600
DIG,20161031,36.45,36.71,35.66,35.8,400000
DIM,20161031,54.95,55.14,54.82,55.01,5800
DIRT,20161031,32.17,32.17,32.17,32.17,1800
DIT,20161031,92.1,92.1,92.1,92.1,100
DIV,20161031,23.95,24.11,23.93,24,25300
DIVA,20161031,25.61,25.61,25.61,25.61,100
DIVI,20161031,16.35,16.35,16.35,16.35,800
DIVY,20161031,24,24.06,24,24.01,2700
DJCI,20161031,15.5,15.5,15.4,15.43,3800
DJD,20161031,27.21,27.36,27.03,27.19,4200
DJP,20161031,23.58,23.65,23.36,23.4,326500
DLA,20161031,16.55,16.67,15.79,16.5,26100
DLN,20161031,75.42,75.61,75.36,75.43,35200
DLS,20161031,60.04,60.17,59.97,60.1,85900
DMF,20161031,9.22,9.27,9.11,9.13,33800
DNL,20161031,47.72,47.75,47.71,47.75,500
DNN,20161031,0.41,0.42,0.4,0.4,461100
DNO,20161031,68.9,70.63,68.9,70.63,10800
DOD,20161031,17.88,17.92,17.56,17.77,4500
DOG,20161031,20.84,20.91,20.83,20.88,225300
DOL,20161031,42.44,42.55,42.37,42.5,24100
DON,20161031,87.98,88.67,87.98,88.57,77800
DOO,20161031,37.6,37.67,37.52,37.65,15300
DPK,20161031,25.45,25.58,25.26,25.31,5700
DPST,20161031,34.93,34.93,34.93,34.93,100
DPW,20161031,0.74,0.75,0.62,0.63,32400
DRIP,20161031,23.8,25.26,23.48,24.94,475800
DRN,20161031,19.29,20.14,19.21,20.08,119900
DRR,20161031,58.58,58.73,58.58,58.64,18200
DRV,20161031,15.01,15.01,14.24,14.29,88700
DRW,20161031,27.22,27.26,27.08,27.19,15200
DSI,20161031,78.62,78.77,78.43,78.43,27400
DSS,20161031,0.57,0.57,0.56,0.57,1700
DSUM,20161031,22.71,22.74,22.59,22.73,16300
DTD,20161031,76.36,76.54,76.24,76.3,12600
DTH,20161031,37.44,37.51,37.35,37.5,6900
DTN,20161031,77,77.17,76.94,77.02,15500
DTO,20161031,122.49,129,122.48,129,14500
DUG,20161031,46.41,47.2,45.95,47.06,122400
DULL,20161031,33.08,33.08,33.08,33.08,100
DUST,20161031,41.22,42.36,38.1,38.2,7500900
DVEM,20161031,27.28,27.28,27.26,27.26,1400
DVHL,20161031,21.18,21.28,21.18,21.2,2300
DVP,20161031,24.29,24.34,24.29,24.34,2100
DVY,20161031,83.58,84.25,83.57,84.05,857900
DVYA,20161031,45.5,45.7,45.48,45.5,27600
DVYE,20161031,36.06,36.21,35.92,36.1,40300
DVYL,20161031,54.16,54.62,54.14,54.31,10000
DWAQ,20161031,73.24,73.53,73.24,73.53,600
DWAS,20161031,35.36,35.42,35.09,35.37,20000
DWM,20161031,46.13,46.25,46.05,46.14,203200
DWTI,20161031,67,72.6,66.31,72.6,6731200
DWX,20161031,36.5,36.62,36.37,36.47,90200
DXD,20161031,17.04,17.13,17,17.11,504800
DXJ,20161031,45.2,45.31,45.14,45.15,3407600
DXJC,20161031,22.45,22.45,22.45,22.45,100
DXJF,20161031,20.42,20.55,20.42,20.51,58400
DXJH,20161031,31.67,31.69,31.61,31.61,7400
DXJR,20161031,24.62,24.67,24.56,24.56,14900
DXR,20161031,8.12,8.12,8.12,8.12,100
DYB,20161031,24.37,24.37,24.37,24.37,200
DYLS,20161031,27.24,27.35,27.24,27.35,6000
DYY,20161031,3.3,3.41,3.3,3.35,700
DZK,20161031,43.98,44.5,43.98,44.47,2300
DZZ,20161031,5.67,5.69,5.63,5.63,31000
EAD,20161031,8.24,8.24,8.17,8.17,250000
EBND,20161031,27.99,28.08,27.94,27.95,62900
ECF,20161031,8.1,8.1,8.02,8.05,23300
ECH,20161031,39.91,40.11,39.81,39.97,352800
ECNS,20161031,43.77,44.05,43.48,43.71,26200
ECON,20161031,24.33,24.5,24.33,24.42,121300
EDC,20161031,62.26,63.21,62.14,62.65,669200
EDEN,20161031,52.53,52.87,52.44,52.87,62500
EDIV,20161031,27.82,28.01,27.82,27.92,31900
EDOG,20161031,22.57,22.76,22.57,22.74,1400
EDV,20161031,127.24,128.04,127.17,128.03,84200
EDZ,20161031,23.02,23.08,22.67,22.87,1013400
EEB,20161031,30.4,30.41,30.25,30.37,5900
EELV,20161031,22.14,22.19,22.1,22.14,125000
EEM,20161031,37.1,37.27,37.04,37.14,60365000
EEMO,20161031,16.12,16.12,16.12,16.12,100
EEMS,20161031,43.21,43.46,42.93,43.46,9200
EEMV,20161031,52.9,52.98,52.77,52.83,447400
EES,20161031,81.7,81.75,81.22,81.74,7200
EET,20161031,57.3,57.73,57.24,57.41,4100
EEV,20161031,15.32,15.34,15.18,15.25,87000
EFA,20161031,57.75,57.9,57.58,57.82,19266100
EFAD,20161031,32.55,32.7,32.55,32.66,3800
EFAV,20161031,64.28,64.42,64.13,64.29,632500
EFFE,20161031,23.86,24.03,23.86,24.03,500
EFG,20161031,65.21,65.39,65.11,65.32,189000
EFNL,20161031,32.3,32.3,32.17,32.17,7400
EFO,20161031,86.25,86.3,86.25,86.3,3100
EFU,20161031,36.97,37.04,36.78,36.85,3900
EFV,20161031,46.13,46.27,46,46.22,232400
EFZ,20161031,32.32,32.38,32.23,32.28,50600
EGAS,20161031,12.3,12.4,12.3,12.35,36900
EGI,20161031,0.25,0.26,0.24,0.24,80000
EGPT,20161031,37.08,37.6,37.08,37.33,65200
EIA,20161031,12.45,12.6,12.45,12.52,6700
EIDO,20161031,26.11,26.31,26.11,26.25,459000
EIM,20161031,12.82,12.85,12.77,12.8,164500
EIO,20161031,14.39,15.2,14.35,14.49,3900
EIP,20161031,13.65,13.65,13.35,13.55,3600
EIRL,20161031,36.17,36.31,36.17,36.22,23900
EIS,20161031,46.17,46.52,46.17,46.46,22600
EIV,20161031,12.8,12.8,12.71,12.72,24600
ELD,20161031,37.46,37.62,37.46,37.53,55600
ELKU,20161031,26.49,26.49,26.49,26.49,0
ELMD,20161031,4.17,4.17,4.07,4.07,39900
EMAG,20161031,21.55,21.55,21.25,21.48,8600
EMAN,20161031,2.55,2.6,2.5,2.55,17200
EMB,20161031,114.86,115.18,114.68,114.69,1562400
EMCR,20161031,18.27,18.83,18.27,18.83,500
EMDD,20161031,18.76,18.76,18.76,18.76,100
EMDV,20161031,49.05,49.05,49.05,49.05,100
EMFM,20161031,20.49,20.78,20.25,20.25,1300
EMGF,20161031,38.2,38.2,38.04,38.04,800
EMHY,20161031,50.09,50.13,49.9,50,39000
EMI,20161031,13.34,13.47,13.34,13.41,900
EMIH,20161031,24.85,24.85,24.85,24.85,0
EMJ,20161031,13.82,13.82,13.62,13.62,2600
EMLC,20161031,18.77,18.81,18.73,18.77,500600
EMLP,20161031,24.75,24.84,24.65,24.77,214500
EMQQ,20161031,26.31,26.31,25.95,25.96,13800
EMSD,20161031,25.35,25.35,25.35,25.35,0
EMSH,20161031,77.85,77.85,77.85,77.85,100
EMTL,20161031,52.72,52.72,52.72,52.72,100
EMXX,20161031,0.95,0.99,0.91,0.95,44900
ENFR,20161031,22.02,22.16,22.02,22.07,1500
ENOR,20161031,21.48,21.48,21.32,21.35,4500
ENRJ,20161031,0.29,0.29,0.27,0.27,34900
ENSV,20161031,0.48,0.51,0.46,0.46,63200
ENX,20161031,13.05,13.09,12.91,12.96,23300
ENY,20161031,8.62,8.62,8.53,8.58,6100
EPHE,20161031,35.46,35.46,35.26,35.35,222800
EPI,20161031,21.63,21.73,21.62,21.72,1666400
EPM,20161031,7.45,7.75,7,7.7,500100
EPOL,20161031,18.43,18.66,18.43,18.59,237400
EPP,20161031,40.89,41.14,40.89,41.03,472000
EPRF,20161031,24.84,24.84,24.84,24.84,100
EPS,20161031,71.97,72.08,71.89,71.97,2500
EPU,20161031,32.54,32.97,32.54,32.83,47000
EPV,20161031,54.49,54.69,54.16,54.24,19300
EQAL,20161031,25.46,25.46,25.34,25.41,59800
EQL,20161031,57.85,57.93,57.77,57.86,7000
EQLT,20161031,28.5,28.5,28.5,28.5,200
EQWL,20161031,41.04,41.04,41.03,41.03,800
EQWM,20161031,39.48,39.48,39.25,39.25,700
EQWS,20161031,34.26,34.26,34.26,34.26,100
ERC,20161031,12.86,12.86,12.66,12.66,135000
ERGF,20161031,25.16,25.16,25.16,25.16,0
ERH,20161031,11.97,12.06,11.95,11.98,21000
ERN,20161031,2.15,2.25,2.15,2.15,16700
ERO,20161031,40.83,40.83,40.83,40.83,100
ERUS,20161031,14.47,14.58,14.47,14.55,250100
ERX,20161031,31.21,31.58,30.25,30.43,2690700
ERY,20161031,13.12,13.45,12.9,13.39,1893300
ESBA,20161031,19.3,19.51,19.27,19.51,7300
ESNC,20161031,0.73,0.8,0.68,0.7,559300
ESP,20161031,25.5,25.5,25.5,25.5,100
ESTE,20161031,8.46,8.56,8.33,8.53,59400
ETAK,20161031,0.16,0.18,0.16,0.18,92800
ETHO,20161031,26.45,26.45,26.09,26.17,3700
EUDG,20161031,20.94,20.99,20.94,20.96,800
EUDV,20161031,34.85,34.85,34.85,34.85,100
EUFS,20161031,23.07,23.07,23.07,23.07,100
EUFX,20161031,43.31,43.31,43.31,43.31,200
EUM,20161031,24.05,24.06,23.94,24.01,235300
EUMV,20161031,21.82,21.84,21.73,21.8,7500
EUO,20161031,25.04,25.09,24.89,24.91,176900
EURL,20161031,18.84,18.92,18.67,18.89,9300
EUSA,20161031,45.05,45.05,44.76,44.83,2600
EUSC,20161031,24.72,24.72,24.64,24.66,34400
EVBN,20161031,27.62,27.62,26.8,27.56,500
EVI,20161031,7.9,8.26,7.75,7.85,9000
EVJ,20161031,12.81,12.96,12.77,12.89,2400
EVM,20161031,12.3,12.3,12.15,12.25,37800
EVO,20161031,14.15,14.15,14.15,14.15,1400
EVP,20161031,12.49,12.49,12.48,12.49,600
EVV,20161031,13.44,13.48,13.3,13.3,362500
EVX,20161031,69.14,69.14,69.14,69.14,600
EVY,20161031,14.36,14.46,14.34,14.34,5600
EWA,20161031,20.24,20.35,20.22,20.28,1628800
EWC,20161031,25.36,25.48,25.32,25.35,1478700
EWD,20161031,27.73,27.74,27.47,27.54,319300
EWEM,20161031,28.95,29.08,28.95,29.08,300
EWG,20161031,25.83,25.93,25.75,25.91,2227200
EWGS,20161031,42.19,42.4,42.19,42.4,5500
EWH,20161031,21.51,21.63,21.51,21.57,1934300
EWI,20161031,11.3,11.3,11.19,11.28,1393900
EWJ,20161031,12.62,12.65,12.59,12.63,27806900
EWK,20161031,17.88,17.91,17.82,17.9,70800
EWL,20161031,29.08,29.11,28.97,29.01,597200
EWM,20161031,7.97,8.01,7.96,7.98,897400
EWMC,20161031,51,51.49,51,51.31,2700
EWN,20161031,24.48,24.51,24.41,24.48,84800
EWO,20161031,16.47,16.5,16.41,16.44,104100
EWP,20161031,27.47,27.53,27.33,27.45,473200
EWQ,20161031,24.01,24.06,23.91,24.05,199200
EWRE,20161031,25.5,25.85,25.48,25.8,17200
EWS,20161031,10.31,10.35,10.28,10.35,1041700
EWSC,20161031,42.27,42.3,42.27,42.3,700
EWT,20161031,15.68,15.79,15.68,15.76,5695500
EWU,20161031,14.97,15.06,14.93,15,5699400
EWUS,20161031,33.42,33.52,33.31,33.52,2100
EWV,20161031,40.05,40.05,39.97,40.01,700
EWW,20161031,50.77,51.04,50.59,50.83,3523500
EWX,20161031,43.05,43.28,43,43,43600
EWY,20161031,55.25,55.44,55.14,55.35,1927100
EWZ,20161031,37.92,38.08,37.63,37.76,16549000
EXI,20161031,72.49,72.5,72.11,72.39,50900
EXT,20161031,73.99,73.99,73.8,73.92,1700
EYLD,20161031,26.59,26.59,26.56,26.59,900
EZA,20161031,54.91,55.47,54.89,55.3,620800
EZM,20161031,92.41,93,92.39,92.82,20800
EZR,20161031,22.69,22.69,22.69,22.69,0
EZU,20161031,34.1,34.2,33.99,34.14,6145200
EZY,20161031,62.86,62.86,62.6,62.6,3100
FAN,20161031,13.06,13.11,13.04,13.07,22600
FAS,20161031,29.35,29.55,29.22,29.36,1873600
FAUS,20161031,29.65,29.65,29.65,29.65,100
FAX,20161031,4.96,4.98,4.92,4.92,675500
FAZ,20161031,31.41,31.49,31.13,31.34,1323000
FBGX,20161031,129.85,130.3,129.76,129.76,4600
FBND,20161031,50.73,50.73,50.66,50.68,22800
FBT,20161031,87.91,87.91,86.9,86.9,68500
FCFI,20161031,21.68,21.68,21.68,21.68,1700
FCG,20161031,24.44,24.44,23.95,24.01,893900
FCO,20161031,8.39,8.46,8.29,8.46,16400
FCOM,20161031,29.01,29.05,28.9,28.98,26500
FCOR,20161031,50.81,50.85,50.7,50.76,6700
FDD,20161031,11.54,11.55,11.52,11.54,41600
FDIS,20161031,30.66,30.71,30.6,30.66,163100
FDL,20161031,26.55,26.67,26.54,26.62,255200
FDLO,20161031,24.89,24.89,24.75,24.75,11200
FDM,20161031,35.41,35.45,35.18,35.38,2300
FDMO,20161031,24.81,24.88,24.78,24.85,20600
FDN,20161031,81.78,81.78,81.26,81.35,402900
FDRR,20161031,25.09,25.1,25.01,25.02,23600
FDVV,20161031,24.86,24.86,24.75,24.81,10000
FEEU,20161031,82.56,82.99,82.28,82.63,3700
FEN,20161031,25.57,25.62,25.03,25.24,76000
FENY,20161031,19.3,19.38,19.1,19.12,134100
FEU,20161031,29.26,29.29,29.14,29.25,16000
FEZ,20161031,32.55,32.62,32.42,32.57,1339600
FFR,20161031,42.96,43.46,42.96,43.43,4300
FFTY,20161031,22.03,22.1,22.03,22.1,6500
FGD,20161031,22.82,22.85,22.75,22.81,31400
FHLC,20161031,32.14,32.15,32,32.02,461600
FIBR,20161031,100.83,100.83,100.72,100.75,2500
FIDU,20161031,29.48,29.54,29.45,29.45,71000
FIEE,20161031,112,112.7,111.43,112.49,6000
FIEG,20161031,124.44,124.89,124.43,124.89,1000
FIEU,20161031,85.73,86.33,85.73,86.33,1600
FIGY,20161031,123.73,124.57,123.73,123.92,30800
FIHD,20161031,118.89,119.96,118.42,119.96,10200
FILL,20161031,18.98,18.98,18.83,18.85,26000
FINU,20161031,79.28,79.28,79.11,79.16,1100
FISK,20161031,19.22,19.43,19.22,19.43,13600
FIW,20161031,36.26,36.56,36.26,36.54,7500
FLCO,20161031,24.74,24.74,24.72,24.72,412100
FLGE,20161031,130.5,130.93,130.25,130.52,10100
FLLV,20161031,24.52,24.52,24.52,24.52,100
FLM,20161031,47.62,47.62,47.62,47.62,200
FLOT,20161031,50.73,50.77,50.71,50.77,1348000
FLQD,20161031,25.59,25.59,25.59,25.59,700
FLQG,20161031,25.91,25.91,25.9,25.9,1200
FLQH,20161031,25.68,25.68,25.67,25.67,700
FLRN,20161031,30.62,30.65,30.6,30.6,40200
FLTB,20161031,50.67,50.82,50.67,50.81,24300
FLTR,20161031,24.93,24.93,24.89,24.92,8500
FM,20161031,24.94,25.28,24.75,24.77,105100
FMAT,20161031,26.75,26.77,26.68,26.71,40400
FMF,20161031,48.17,48.17,48.16,48.16,300
FNCF,20161031,26.13,26.13,26.13,26.13,100
FNCL,20161031,29.64,29.64,29.25,29.25,165100
FNDA,20161031,30.03,30.14,29.95,30.11,132100
FNDB,20161031,30.28,30.28,30.16,30.24,13100
FNDC,20161031,28.93,28.93,28.82,28.89,79000
FNDE,20161031,24.56,24.58,24.42,24.51,161100
FNDF,20161031,25.09,25.12,24.98,25.09,505400
FNDX,20161031,30.39,30.44,30.34,30.37,171200
FNI,20161031,30.7,30.7,30.31,30.31,5800
FPE,20161031,19.55,19.55,19.5,19.53,576600
FPP,20161031,0.51,0.6,0.51,0.58,2800
FPX,20161031,52.37,52.44,52.26,52.34,25800
FQAL,20161031,25.23,25.23,25.1,25.11,30000
FRAK,20161031,17.01,17.01,16.61,16.61,27100
FRD,20161031,5.2,5.2,5.11,5.12,43700
FREL,20161031,23,23.2,22.97,23.2,59500
FRI,20161031,22.46,22.79,22.43,22.79,136500
FRN,20161031,11.71,11.82,11.71,11.75,5500
FSI,20161031,1.73,2,1.7,1.79,258200
FSP,20161031,11.24,11.58,11.18,11.57,423100
FSTA,20161031,31.69,31.75,31.62,31.66,54800
FTEC,20161031,36.47,36.47,36.29,36.29,172700
FTF,20161031,12.25,12.25,12.02,12.06,136300
FTLS,20161031,32.47,32.51,32.42,32.49,18700
FTSD,20161031,97.56,97.56,97.56,97.56,500
FTY,20161031,47.49,47.86,47.33,47.86,12500
FUE,20161031,7.6,7.77,7.6,7.77,800
FUT,20161031,40.28,40.28,40.28,40.28,0
FUTY,20161031,31.35,32.04,31.35,31.88,337400
FVAL,20161031,25.33,25.33,25.24,25.29,15000
FVD,20161031,26.49,26.64,26.47,26.59,304100
FVL,20161031,19.39,19.39,19.37,19.39,3800
FWDB,20161031,25.7,25.7,25.7,25.7,100
FWDD,20161031,41.96,41.96,41.96,41.96,100
FXA,20161031,76.08,76.13,75.98,76.12,4500
FXB,20161031,118.73,119.57,118.6,119.5,145600
FXC,20161031,73.82,73.88,73.7,73.74,16700
FXCH,20161031,73.16,73.16,73.16,73.16,100
FXD,20161031,34.2,34.3,34.16,34.27,144500
FXE,20161031,106.49,106.78,106.38,106.75,365100
FXEU,20161031,23.71,23.9,23.71,23.76,12300
FXF,20161031,96.63,96.69,96.56,96.65,9600
FXG,20161031,46.06,46.18,45.99,46.07,163400
FXH,20161031,55.81,55.96,55.65,55.81,252900
FXI,20161031,36.87,37.05,36.84,36.86,11429500
FXJP,20161031,24.62,24.62,24.62,24.62,700
FXL,20161031,35.94,36.12,35.83,36.07,108700
FXN,20161031,14.59,14.64,14.41,14.43,575700
FXO,20161031,24.06,24.12,24.01,24.08,216300
FXP,20161031,31.95,32,31.67,31.99,26300
FXR,20161031,29.23,29.3,29.15,29.27,93300
FXS,20161031,107.78,107.78,107.5,107.5,1900
FXSG,20161031,69.98,70.02,69.98,70.02,300
FXU,20161031,25.97,26.3,25.97,26.19,269400
FXY,20161031,91.9,92.08,91.75,92.03,68100
FXZ,20161031,33.14,33.24,33.08,33.13,95700
FYLD,20161031,20.89,20.9,20.76,20.76,700
GAA,20161031,24.76,24.88,24.75,24.88,2200
GAF,20161031,58.88,59.24,58.75,58.89,1700
GAL,20161031,33.03,33.12,33.02,33.12,9100
GAMR,20161031,31.75,31.98,31.5,31.71,3100
GARD,20161031,20.25,20.25,20.25,20.25,100
GASL,20161031,37.67,37.84,35.38,35.7,203000
GASX,20161031,32.23,33.86,32.19,33.77,78200
GAZ,20161031,0.55,0.55,0.54,0.54,10900
GBB,20161031,32,32.1,32,32.1,800
GBF,20161031,115.67,115.87,115.62,115.87,17800
GBIL,20161031,100.03,100.04,100.03,100.04,19000
GBR,20161031,2.04,2.08,1.92,1.92,313000
GCC,20161031,19.76,19.85,19.6,19.61,40400
GCE,20161031,15.26,15.33,15.25,15.31,1000
GDJJ,20161031,82.66,83.75,82.06,83.75,2200
GDX,20161031,23.96,24.55,23.74,24.52,73846500
GDXJ,20161031,39.66,40.7,39.29,40.68,17699600
GDXS,20161031,18.46,18.65,17.51,17.52,34400
GDXX,20161031,50.56,53.01,50.07,52.98,12600
GEM,20161031,28.25,28.42,28.25,28.37,60300
GEUR,20161031,13.39,13.43,13.38,13.42,600
GEX,20161031,51.52,51.6,51.4,51.6,10400
GGN,20161031,6.14,6.2,6.09,6.09,577000
GGN-B,20161031,24.5,24.5,24.48,24.48,1900
GHE,20161031,28.78,28.78,28.78,28.78,100
GHII,20161031,25.2,25.21,25.15,25.21,2000
GHS,20161031,27.02,27.02,27.02,27.02,100
GHYG,20161031,49.13,49.13,48.87,48.92,10000
GIG,20161031,2.31,2.37,2.28,2.37,602600
GII,20161031,46.1,46.32,46.05,46.32,4300
GLD,20161031,121.51,122,121.23,121.94,7722000
GLL,20161031,74.7,74.99,74.24,74.24,10000
GLO,20161031,9.14,9.14,9.03,9.04,289900
GLOW,20161031,0.39,0.39,0.38,0.39,2200
GLQ,20161031,10.62,10.7,10.59,10.69,86700
GLTR,20161031,63.13,63.34,63.03,63.34,23000
GLU,20161031,17.06,17.33,17.06,17.31,4500
GLV,20161031,11.63,11.65,11.51,11.62,179000
GMF,20161031,81.2,81.43,81.1,81.23,11300
GML,20161031,49.45,49.47,49.45,49.47,900
GMM,20161031,60.47,60.93,60.47,60.87,250800
GMMB,20161031,54,54,54,54,100
GMO,20161031,0.23,0.25,0.23,0.23,243900
GMOM,20161031,23.11,23.19,22.93,23.18,37400
GNR,20161031,39.02,39.17,38.93,39.08,66100
GOEX,20161031,34.29,34.82,34.28,34.74,9800
GORO,20161031,5.45,5.7,5.33,5.68,805600
GOVT,20161031,25.76,25.77,25.72,25.77,691900
GPL,20161031,1.33,1.36,1.28,1.36,828500
GQRE,20161031,56.66,57.23,56.66,57.22,5900
GRC,20161031,23.37,24.36,23.35,24.02,74700
GREK,20161031,7.25,7.35,7.24,7.28,227300
GRES,20161031,26.09,26.11,25.83,25.99,95000
GRF,20161031,7.68,7.74,7.68,7.71,1500
GRI,20161031,42.13,42.42,42.13,42.42,5300
GRN,20161031,6.8,7.06,6.8,6.95,500
GRU,20161031,3.88,3.88,3.88,3.88,200
GRWN,20161031,28.09,28.1,28,28,1200
GSAT,20161031,0.95,0.98,0.92,0.93,1867000
GSB,20161031,3.68,3.72,3.6,3.63,40200
GSC,20161031,22.09,22.09,22.09,22.09,100
GSD,20161031,27,27,26.9,26.96,13400
GSG,20161031,14.81,14.85,14.56,14.56,404300
GSIE,20161031,24.37,24.49,24.36,24.47,22600
GSJY,20161031,28.45,28.5,28.42,28.48,12400
GSLC,20161031,42.62,42.72,42.55,42.64,903600
GSP,20161031,13.56,13.57,13.46,13.46,28400
GSS,20161031,0.89,0.91,0.86,0.91,2189800
GST,20161031,1.1,1.1,1.04,1.08,729800
GST-A,20161031,14.93,14.94,14.51,14.77,13900
GST-B,20161031,15.71,15.71,15.14,15.36,6500
GSV,20161031,2.34,2.39,2.31,2.39,287900
GSY,20161031,50.2,50.22,50.18,50.2,75900
GTE,20161031,2.96,2.97,2.89,2.91,845500
GTO,20161031,52.05,52.05,52,52.01,16000
GUNR,20161031,27.31,27.48,27.27,27.44,751300
GUR,20161031,26.25,26.4,26.25,26.35,7000
GURI,20161031,14.03,14.03,14.03,14.03,100
GURU,20161031,23.17,23.23,23.12,23.12,6700
GUSH,20161031,72.72,73.81,68.17,69.06,391400
GV,20161031,2.65,2.75,2.65,2.75,41800
GVAL,20161031,20.09,20.13,20.01,20.09,5900
GVI,20161031,112.13,112.23,112.06,112.15,72900
GVP,20161031,2.95,2.95,2.75,2.9,20900
GWL,20161031,25.87,25.91,25.79,25.87,449200
GWX,20161031,30.36,30.43,30.34,30.4,38300
GXC,20161031,77.61,77.67,77.25,77.25,67800
GXF,20161031,19.4,19.43,19.32,19.33,3600
GXG,20161031,9.28,9.28,9.19,9.19,41200
GYEN,20161031,11.7,11.73,11.69,11.69,2500
GYLD,20161031,18.5,18.7,18.42,18.44,21900
HACK,20161031,26.32,26.55,26.32,26.54,154500
HACV,20161031,25.84,25.84,25.84,25.84,0
HAHA,20161031,27.23,27.23,27.23,27.23,400
HAKD,20161031,32.76,32.76,32.76,32.76,100
HAKK,20161031,34.07,34.07,34.07,34.07,100
HAO,20161031,24.32,24.32,24.05,24.05,57500
HAP,20161031,31.17,31.3,31.14,31.21,66700
HAUD,20161031,22.3,22.3,22.3,22.3,100
HAWX,20161031,22.46,22.51,22.46,22.51,1000
HCHC,20161031,4.33,4.33,3.89,3.98,836400
HCRF,20161031,24.95,24.95,24.95,24.95,0
HDAW,20161031,24.3,24.3,24.27,24.3,1000
HDEF,20161031,23.64,23.64,23.64,23.64,100
HDG,20161031,42.46,42.47,42.42,42.44,2500
HDGE,20161031,9.87,9.93,9.86,9.86,194600
HDLV,20161031,29.32,30.39,29.29,29.73,3300
HDMV,20161031,28.65,28.65,28.65,28.65,500
HDRW,20161031,24.9,24.9,24.9,24.9,0
HDV,20161031,79.13,79.45,79.09,79.28,674400
HDWM,20161031,23.88,23.88,23.88,23.88,500
HDWX,20161031,42.41,42.41,41.73,41.73,500
HEB,20161031,1.03,1.04,0.95,0.98,57600
HECO,20161031,37.09,37.09,37.09,37.09,800
HEDJ,20161031,54.35,54.45,54.22,54.32,1372300
HEEM,20161031,21.81,22.02,21.81,21.91,50700
HEFA,20161031,25.04,25.08,24.99,25.02,1398900
HEFV,20161031,24.71,24.71,24.71,24.71,100
HEMV,20161031,24.76,24.76,24.76,24.76,0
HEUS,20161031,25.75,25.75,25.75,25.75,0
HEUV,20161031,24.6,24.6,24.6,24.6,0
HEWG,20161031,24.16,24.24,24.12,24.19,191800
HEWI,20161031,17.8,17.88,17.8,17.86,1900
HEWJ,20161031,25.81,25.9,25.8,25.8,140800
HEWL,20161031,22.72,22.72,22.71,22.71,5600
HEWP,20161031,19.8,19.87,19.8,19.81,1900
HEWU,20161031,25.49,25.56,25.4,25.46,6400
HEWY,20161031,24.86,24.86,24.86,24.86,100
HEZU,20161031,25.14,25.19,25.09,25.13,426100
HFEZ,20161031,33.3,33.35,33.3,33.35,1800
HFXI,20161031,17.98,17.99,17.96,17.98,1700
HFXJ,20161031,17.79,17.79,17.79,17.79,100
HGEU,20161031,36.46,36.46,36.46,36.46,100
HGI,20161031,15.04,15.04,15,15,1700
HGJP,20161031,31.46,31.46,31.46,31.46,200
HGSD,20161031,21.59,21.59,21.59,21.59,0
HH,20161031,0.92,0.93,0.9,0.92,30400
HHYX,20161031,25.63,25.63,25.63,25.63,100
HILO,20161031,13.61,13.63,13.6,13.63,800
HIPS,20161031,16.91,16.91,16.85,16.85,4000
HJPX,20161031,23.51,23.51,23.49,23.5,1000
HLM.P,20161031,33,33.58,33,33,2900
HLTH,20161031,3.35,3.45,3.25,3.35,510800
HNW,20161031,16.11,16.11,15.98,16,16500
HRT,20161031,4.03,4.15,4.03,4.15,4300
HSCZ,20161031,24.83,24.83,24.83,24.83,100
HSPX,20161031,44.05,44.05,43.93,43.97,1500
HTM,20161031,0.69,0.71,0.67,0.68,232300
HTUS,20161031,26.33,26.33,26.29,26.29,8000
HUSA,20161031,0.19,0.19,0.17,0.18,59700
HUSV,20161031,19.38,19.38,19.37,19.37,2400
HVPW,20161031,19.78,19.78,19.5,19.58,13200
HYD,20161031,31.64,31.66,31.59,31.64,369100
HYDD,20161031,21.88,21.88,21.88,21.88,100
HYEM,20161031,24.42,24.42,24.34,24.41,87500
HYG,20161031,86.26,86.31,85.93,86.02,21174500
HYGH,20161031,87.8,87.8,87.32,87.45,1500
HYHG,20161031,66.54,66.86,66.25,66.25,4800
HYIH,20161031,21.95,22.89,21.95,22.62,5800
HYLD,20161031,34.98,34.98,34.8,34.81,17300
HYMB,20161031,58.47,58.5,58.37,58.46,26300
HYS,20161031,98.75,98.88,98.4,98.45,340200
HYXU,20161031,46.95,47.12,46.84,46.99,6300
IAF,20161031,5.57,5.6,5.51,5.56,47700
IAGG,20161031,52.65,52.74,52.61,52.73,131600
IAI,20161031,41.66,41.66,41.43,41.45,9000
IAK,20161031,53.09,53.22,53.06,53.06,7500
IAT,20161031,36.71,36.86,36.57,36.72,164200
IAU,20161031,12.28,12.32,12.25,12.32,6225100
IBCC,20161031,24.78,24.78,24.75,24.75,2500
IBCD,20161031,24.92,24.94,24.9,24.94,10200
IBCE,20161031,24.97,24.97,24.89,24.89,1100
IBDB,20161031,25.73,25.74,25.64,25.72,7200
IBDC,20161031,26.34,26.4,26.34,26.38,5800
IBDD,20161031,27.07,27.07,26.99,27,5300
IBDF,20161031,25.03,25.06,25.02,25.05,8200
IBDH,20161031,25.27,25.28,25.2,25.26,16700
IBDJ,20161031,24.94,24.94,24.9,24.92,17600
IBDK,20161031,25.11,25.17,25.09,25.13,26200
IBDL,20161031,25.7,25.73,25.62,25.65,27400
IBDM,20161031,25.26,25.27,25.15,25.21,34800
IBDN,20161031,25.55,25.55,25.34,25.4,18600
IBDO,20161031,25.54,25.54,25.38,25.44,21000
IBDP,20161031,25.41,25.41,25.33,25.36,12400
IBDQ,20161031,25.44,25.44,25.3,25.3,17300
IBDR,20161031,25.11,25.11,24.94,24.94,3500
IBIO,20161031,0.51,0.52,0.5,0.52,16000
IBLN,20161031,24.82,24.88,24.82,24.84,700
IBMF,20161031,27.33,27.33,27.31,27.33,9300
IBMG,20161031,25.52,25.56,25.51,25.54,12200
IBMH,20161031,25.6,25.6,25.56,25.6,35500
IBMI,20161031,25.71,25.74,25.7,25.72,9700
IBMJ,20161031,25.87,25.88,25.87,25.87,6200
IBMK,20161031,26.15,26.18,26.13,26.17,5800
IBND,20161031,31.88,32,31.87,31.94,29500
ICF,20161031,97.67,98.89,97.17,98.84,600200
ICI,20161031,41.16,41.16,40.58,40.62,1100
ICN,20161031,21.9,21.9,21.9,21.9,100
ICOL,20161031,12.78,12.8,12.75,12.75,1100
ICSH,20161031,50.03,50.03,50,50.01,1700
ICVT,20161031,47.13,47.82,47.08,47.32,20100
IDHQ,20161031,19.52,19.59,19.52,19.59,10900
IDLV,20161031,29.34,29.42,29.28,29.38,142000
IDMO,20161031,23.42,23.43,23.39,23.43,2300
IDN,20161031,1.6,1.68,1.5,1.65,83800
IDOG,20161031,23.41,23.54,23.37,23.47,11900
IDU,20161031,121.37,124.1,121.37,123.57,369300
IDV,20161031,29.11,29.18,29.03,29.1,558300
IDX,20161031,23.31,23.47,23.31,23.43,7000
IEC,20161031,3.75,3.84,3.58,3.6,35100
IEF,20161031,110.1,110.14,109.96,110.06,4413900
IEFA,20161031,53.82,53.94,53.68,53.84,3323800
IEI,20161031,125.62,125.7,125.57,125.62,659500
IEMG,20161031,45.1,45.27,45.01,45.14,5169100
IEO,20161031,58.52,59.12,58.07,58.15,110300
IEUR,20161031,40.03,40.1,39.89,40.01,105600
IEV,20161031,38.09,38.2,37.98,38.13,587300
IEZ,20161031,38.7,38.81,37.76,37.8,21500
IF,20161031,6.58,6.63,6.57,6.57,8100
IFLY,20161031,25.53,25.84,25.5,25.5,3500
IFMI,20161031,1.03,1.07,1.02,1.04,2900
IGC,20161031,0.43,0.45,0.42,0.42,105700
IGE,20161031,33.51,33.59,33.25,33.29,224200
IGHG,20161031,74.7,74.86,74.46,74.59,4900
IGIH,20161031,22.68,23.96,22.68,23.96,1000
IGM,20161031,122.95,123.22,122.85,122.87,47800
IGN,20161031,39.91,40.3,39.7,40.21,100100
IGRO,20161031,49.24,49.24,48.96,48.96,400
IGV,20161031,112.42,112.78,112.16,112.43,28600
IHDG,20161031,25.68,25.77,25.66,25.66,199000
IHE,20161031,138.53,138.53,136.33,136.4,17400
IHF,20161031,116.52,117.24,116.52,117.24,58600
IHI,20161031,134.53,135.04,133.7,134.88,215700
IHT,20161031,2.15,2.15,2.15,2.15,100
IHY,20161031,24.33,24.33,24.26,24.28,12500
IJH,20161031,149.91,150.93,149.8,150.57,1136600
IJJ,20161031,129.57,130.5,129.53,130.19,114700
IJK,20161031,168.24,169.28,168.07,168.92,293600
IJR,20161031,118.16,118.73,117.6,118.67,1763400
IJS,20161031,119.69,120.2,119.1,120.14,155000
IJT,20161031,129.53,130.09,128.89,129.99,890900
ILB,20161031,42.86,43.24,42.75,42.91,51900
ILF,20161031,31.1,31.19,30.9,31.07,1331000
ILTB,20161031,64.39,64.54,64.32,64.48,14900
IMH,20161031,15.61,15.9,15.25,15.85,42600
IMLP,20161031,19.3,19.3,19.2,19.2,97000
IMO,20161031,32.34,32.91,32.34,32.48,242600
IMOM,20161031,24.36,24.46,24.36,24.46,500
IMTM,20161031,25.25,25.25,25.25,25.25,500
IMUC,20161031,0.09,0.09,0.08,0.09,568400
INCO,20161031,35.74,35.95,35.74,35.85,1800
INDA,20161031,28.96,29.1,28.95,29.04,1822400
INDF,20161031,25.48,25.48,25.48,25.48,0
INDL,20161031,57.43,57.89,56.95,57.63,11100
INFU,20161031,2.6,2.6,2.5,2.55,19500
INKM,20161031,30.73,30.91,30.73,30.86,4100
INP,20161031,67.99,68.46,67.99,68.46,1400
INR,20161031,38.5,38.5,38.5,38.5,900
INS,20161031,3.62,3.62,3.62,3.62,100
INTF,20161031,23.31,23.35,23.19,23.35,20900
INTT,20161031,3.9,4.15,3.9,4.05,19100
INUV,20161031,1.14,1.14,1.01,1.09,103400
INXX,20161031,12.09,12.1,12.05,12.1,13400
IOIL,20161031,10.92,10.92,10.92,10.92,100
IOO,20161031,74.28,74.41,74.11,74.13,10700
IOT,20161031,7.65,7.77,7.65,7.77,1000
IPAC,20161031,50.41,50.64,50.38,50.55,59700
IPAY,20161031,25.07,25.07,24.76,24.83,45700
IPD,20161031,36.01,36.02,36.01,36.02,400
IPE,20161031,57.72,57.79,57.7,57.76,31800
IPF,20161031,18.45,19.63,18.38,18.4,5600
IPFF,20161031,15.79,15.79,15.7,15.72,25100
IPK,20161031,33.8,33.8,33.59,33.68,16500
IPN,20161031,29.64,29.72,29.64,29.68,31200
IPO,20161031,20.25,20.25,20.25,20.25,100
IPS,20161031,41.7,41.7,41.46,41.5,1700
IPU,20161031,15.66,15.8,15.65,15.75,65500
IPW,20161031,17.68,17.68,17.52,17.52,600
IQDE,20161031,22.22,22.22,22.22,22.22,100
IQDF,20161031,22.45,22.5,22.42,22.49,146000
IQDG,20161031,24.15,24.22,24.14,24.21,1300
IQDY,20161031,23.42,23.42,23.42,23.42,100
IQLT,20161031,24.7,24.7,24.7,24.7,200
IRT,20161031,8.3,8.39,8.21,8.33,2500400
IRV,20161031,19.9,19.93,19.84,19.9,20400
IRY,20161031,44.01,44.2,43.93,44.02,7200
ISCF,20161031,24.88,24.88,24.62,24.79,12800
ISDR,20161031,7.9,8,7.9,7.9,1000
ISL,20161031,16.26,16.26,16.26,16.26,600
ISR,20161031,0.6,0.61,0.6,0.6,108000
ISRA,20161031,26.76,26.85,26.68,26.85,2000
IST,20161031,23.92,23.92,23.86,23.88,1300
ISTB,20161031,50.48,50.53,50.48,50.5,67800
ISZE,20161031,23.87,24.13,23.87,23.88,600
ITA,20161031,130.2,130.48,129.88,130.27,99300
ITB,20161031,25.7,25.89,25.7,25.78,1428500
ITE,20161031,60.92,60.95,60.91,60.95,11000
ITM,20161031,24.27,24.3,24.27,24.29,208800
ITML,20161031,24.61,24.61,24.61,24.61,0
ITMS,20161031,24.86,24.86,24.86,24.86,100
ITOT,20161031,48.53,48.55,48.37,48.4,336900
ITR,20161031,34.71,34.71,34.66,34.66,167400
IUSB,20161031,51.62,51.64,51.58,51.63,466100
IUSG,20161031,41.6,41.6,41.41,41.46,167700
IUSV,20161031,45.46,45.46,45.22,45.28,93400
IVAL,20161031,26.27,26.27,25.62,25.8,7700
IVE,20161031,93.66,93.87,93.51,93.53,1310500
IVLU,20161031,21.8,21.82,21.78,21.82,4000
IVOG,20161031,104.15,104.91,104.15,104.71,20200
IVOO,20161031,101.15,101.78,101.07,101.57,11300
IVOV,20161031,99.1,99.89,99.1,99.75,13800
IVV,20161031,214.16,214.39,213.57,213.69,4264500
IVW,20161031,119.48,119.5,119.02,119.11,422200
IWB,20161031,118.26,118.46,118.05,118.07,867100
IWC,20161031,73.54,73.73,73.25,73.7,18400
IWD,20161031,104.07,104.32,103.92,104.04,2264500
IWF,20161031,102.09,102.09,101.7,101.74,1396600
IWL,20161031,48.54,48.62,48.49,48.54,4800
IWM,20161031,118.18,118.64,117.8,118.5,20311800
IWN,20161031,101.1,101.62,100.86,101.48,1525000
IWO,20161031,139.68,140.06,139.09,139.87,1369900
IWP,20161031,93.3,93.47,93.07,93.38,198000
IWR,20161031,168.51,168.98,168.24,168.79,185200
IWS,20161031,74.79,75.04,74.7,74.92,587500
IWV,20161031,125.57,125.76,125.32,125.41,371700
IWX,20161031,43.7,43.8,43.67,43.71,6100
IWY,20161031,55.1,55.1,54.86,54.89,25600
IXC,20161031,32.54,32.64,32.31,32.36,201000
IXG,20161031,52.42,52.6,52.33,52.33,83700
IXJ,20161031,94.2,94.25,93.81,93.86,51200
IXN,20161031,109.94,110.23,109.85,109.85,20600
IXP,20161031,58.99,59.11,58.88,59.03,88200
IYC,20161031,143.42,143.85,143.3,143.71,30200
IYE,20161031,38.02,38.16,37.6,37.62,845500
IYF,20161031,90.3,90.5,90.15,90.28,208000
IYG,20161031,90.5,90.63,90.13,90.13,284900
IYH,20161031,140.84,141.17,140.35,140.41,109000
IYJ,20161031,111.81,111.99,111.68,111.7,42500
IYK,20161031,111.76,112.28,111.76,112.03,39000
IYLD,20161031,24.68,24.7,24.62,24.68,28000
IYM,20161031,77.56,77.61,77.26,77.48,34300
IYR,20161031,75.95,76.71,75.53,76.64,9920800
IYT,20161031,144.55,145.11,144.27,144.85,90400
IYW,20161031,118.86,118.99,118.59,118.59,104400
IYY,20161031,106.31,106.49,106.16,106.28,15600
IYZ,20161031,31.52,31.52,31.28,31.4,377000
JDG,20161031,25.18,25.18,25.18,25.18,100
JDST,20161031,29.16,29.92,26.83,26.9,4743400
JETS,20161031,23.87,24,23.73,24,14600
JHDG,20161031,22.98,23.01,22.95,22.95,1000
JHMA,20161031,26.65,26.66,26.63,26.63,2000
JHMC,20161031,25.13,25.13,25.08,25.08,600
JHME,20161031,27.65,27.65,27.65,27.65,900
JHMF,20161031,26.56,26.56,26.56,26.56,100
JHMH,20161031,25.03,25.07,25.01,25.05,3900
JHMI,20161031,26.27,26.27,26.27,26.27,100
JHML,20161031,27.61,27.64,27.57,27.6,2500
JHMM,20161031,26.89,27,26.89,27,8300
JHMS,20161031,25.42,25.42,25.42,25.42,100
JHMT,20161031,30.14,30.16,30.13,30.16,1500
JHMU,20161031,25.06,25.06,25.06,25.06,100
JJA,20161031,37.05,37.1,37.02,37.02,1800
JJC,20161031,24.94,25.16,24.94,25.09,29200
JJE,20161031,5.91,5.91,5.69,5.69,1500
JJG,20161031,29.05,29.44,29.01,29.26,85500
JJM,20161031,21.98,22.2,21.98,22.08,3000
JJN,20161031,12.72,12.84,12.57,12.73,57700
JJP,20161031,58.67,58.67,58.67,58.67,100
JJS,20161031,43.52,43.54,43.5,43.52,500
JJT,20161031,47,47,47,47,100
JJU,20161031,15.13,15.35,15.13,15.31,900
JKD,20161031,127.15,127.18,126.75,126.75,10200
JKE,20161031,119.23,119.29,118.72,118.78,14500
JKF,20161031,87.26,87.26,87.09,87.11,2700
JKG,20161031,149.19,149.33,148.69,149.28,22700
JKH,20161031,155.96,156.33,155.63,156.3,1900
JKJ,20161031,139.19,139.85,139.19,139.8,4100
JKK,20161031,134.87,135.2,134.87,135.2,1900
JKL,20161031,125.67,125.77,125.45,125.64,21100
JNK,20161031,36.37,36.4,36.21,36.26,30648400
JNUG,20161031,11.35,12.25,11.05,12.16,22835800
JO,20161031,24.53,24.6,24.25,24.3,121400
JOB,20161031,4.75,4.75,4.58,4.66,1900
JPEH,20161031,26.58,26.58,26.51,26.57,4300
JPEM,20161031,48.87,49.17,48.87,49.04,11100
JPEU,20161031,49.94,49.96,49.9,49.93,20800
JPGE,20161031,51.8,51.8,51.8,51.8,300
JPHF,20161031,25.3,25.46,25.3,25.3,1400
JPHY,20161031,50.84,50.84,50.84,50.84,100
JPIN,20161031,50.18,50.22,50.01,50.16,44700
JPME,20161031,51.52,51.7,51.52,51.67,1000
JPMV,20161031,60.61,60.69,60.51,60.66,4300
JPNH,20161031,20.87,20.87,20.87,20.87,500
JPNL,20161031,46.08,46.5,46.02,46.3,4500
JPUS,20161031,57,57.15,56.99,57.07,6100
JPXN,20161031,54.85,54.93,54.85,54.93,2300
JRJR,20161031,0.94,0.97,0.9,0.92,57600
JXI,20161031,46.5,47.18,46.5,46.98,59900
KBA,20161031,29.07,29.07,28.87,28.91,5100
KBE,20161031,34.68,34.81,34.59,34.67,1675600
KBWB,20161031,38.56,38.64,38.41,38.41,58600
KBWD,20161031,21.67,21.67,21.47,21.48,81400
KBWP,20161031,50.05,50.45,50.05,50.4,7900
KBWR,20161031,43.97,44.22,43.75,44.21,165900
KBWY,20161031,33.5,33.98,33.43,33.93,17900
KCE,20161031,39.35,39.35,39.23,39.27,7800
KCNY,20161031,32.86,32.86,32.86,32.86,400
KEMP,20161031,22.36,22.36,22.36,22.36,0
KFYP,20161031,31,31,29.94,30.91,1400
KIE,20161031,74.27,74.56,74.2,74.3,47700
KIQ,20161031,0.81,0.81,0.79,0.8,19100
KLD,20161031,88.66,88.66,88.28,88.28,20300
KLDW,20161031,26.85,26.85,26.7,26.76,8300
KLDX,20161031,5.62,5.71,5.54,5.61,162100
KLEM,20161031,23.84,23.84,23.84,23.84,1200
KNOW,20161031,73.18,73.9,73.18,73.87,9000
KOL,20161031,13.06,13.16,13.06,13.13,113900
KOLD,20161031,32.93,35.3,32.93,35.26,13100
KORU,20161031,26.51,26.6,26.51,26.54,300
KRE,20161031,43.63,43.94,43.56,43.79,8450200
KROO,20161031,16.32,16.46,16.32,16.36,6000
KRS,20161031,21.86,21.86,21.34,21.44,3000
KRU,20161031,101,101,100.98,100.98,300
KSA,20161031,22.32,22.32,21.81,21.81,18900
KWT,20161031,37.89,38.25,37.84,37.84,2700
KXI,20161031,95.89,96.11,95.84,95.98,39900
LABD,20161031,26.42,27.42,26.03,27.36,1420100
LABS,20161031,41.92,41.92,41.92,41.92,100
LABU,20161031,30,30.44,28.9,28.95,2907600
LAQ,20161031,22.41,22.6,22.4,22.6,5700
LARE,20161031,31.72,31.72,31.72,31.72,200
LBJ,20161031,116.02,117.73,115,116,5000
LBY,20161031,16.25,16.38,16,16.01,81700
LD,20161031,43,44.95,43,44.95,300
LDUR,20161031,100.97,101.11,100.95,101,4200
LEAD,20161031,24.45,24.45,24.43,24.43,300
LEDD,20161031,34.81,34.81,34.05,34.06,4600
LEI,20161031,1.35,1.35,1.16,1.27,448800
LEMB,20161031,44.95,45.13,44.95,45.02,39200
LEU,20161031,3.98,3.98,3.87,3.88,5000
LGLV,20161031,77.01,77.95,77.01,77.2,1600
LIQT,20161031,0.73,0.77,0.73,0.75,13200
LIT,20161031,24.32,24.32,23.94,24.08,34400
LMLP,20161031,10.76,10.76,10.32,10.41,5700
LNG,20161031,38.2,38.4,37.16,37.7,3040800
LODE,20161031,0.23,0.24,0.21,0.24,292900
LOV,20161031,1.53,1.58,1.46,1.49,110800
LOWC,20161031,73.27,73.27,73.27,73.27,400
LQD,20161031,121.16,121.2,120.94,120.98,5377300
LQDH,20161031,92.75,92.75,92.61,92.68,600
LRET,20161031,25.45,25.46,25.44,25.46,1000
LRGF,20161031,24.7,24.76,24.66,24.76,22700
LSTK,20161031,36.24,36.43,36.05,36.18,12100
LTL,20161031,98.08,98.08,98.08,98.08,100
LTPZ,20161031,69.42,69.68,69.32,69.68,26500
LTS,20161031,2.03,2.09,2,2.04,187300
LTS-A,20161031,24.39,24.74,24.39,24.64,25600
LVHI,20161031,25.17,25.17,25.14,25.14,900
LVL,20161031,9.85,9.87,9.82,9.85,10200
LWC,20161031,41.67,41.76,41.54,41.67,23300
MAB,20161031,14.7,14.7,14.7,14.7,400
MAG,20161031,14.7,14.7,14.26,14.63,121700
MATF,20161031,25.83,25.83,25.83,25.83,0
MBB,20161031,109.67,109.71,109.58,109.63,361800
MBG,20161031,27.03,27.05,26.94,26.95,27500
MCF,20161031,8.46,8.5,7.61,7.83,222000
MCRO,20161031,25.11,25.11,24.85,24.85,300
MCZ,20161031,0.23,0.23,0.23,0.23,75600
MDY,20161031,273.29,275.27,273.23,274.77,1736400
MDYG,20161031,122.78,123.52,122.56,123.26,9600
MDYV,20161031,84.32,84.59,83.97,84.57,31000
MEAR,20161031,50.07,50.07,50.07,50.07,100
MELT,20161031,28.21,28.21,28,28,1500
MGC,20161031,72.77,72.8,72.57,72.59,22900
MGH,20161031,0.21,0.25,0.21,0.24,84300
MGK,20161031,85.79,85.85,85.51,85.54,83700
MGV,20161031,62.07,62.26,62.01,62.01,52100
MHE,20161031,14.03,14.03,14.03,14.03,100
MHH,20161031,7.42,7.42,7.42,7.42,800
MIDU,20161031,24.6,24.98,24.58,24.97,7600
MIDZ,20161031,30.58,30.58,29.87,29.87,4500
MINC,20161031,48.94,48.94,48.85,48.89,15400
MINT,20161031,101.48,101.5,101.47,101.5,199200
MIW,20161031,14.68,14.68,14.1,14.1,1600
MJCO,20161031,4.55,4.6,4.55,4.55,5400
MLN,20161031,20.37,20.38,20.31,20.38,26800
MLPA,20161031,11.28,11.3,11.11,11.14,131500
MLPC,20161031,15.6,15.6,15.6,15.6,100
MLPG,20161031,23.67,23.67,23.63,23.63,600
MLPI,20161031,26.9,26.97,26.58,26.72,173900
MLPJ,20161031,8.13,8.13,8,8.06,4900
MLPN,20161031,21.15,21.15,20.72,20.88,63700
MLPQ,20161031,48,48,47.39,47.59,8400
MLPS,20161031,12.41,12.47,12.41,12.47,1100
MLPX,20161031,14.5,14.5,14.25,14.34,19000
MLPY,20161031,7.68,7.71,7.5,7.5,5400
MLPZ,20161031,49.96,49.96,49.09,49.09,1300
MLSS,20161031,1.85,1.85,1.8,1.85,700
MLTI,20161031,27.68,27.68,27.68,27.68,100
MMTM,20161031,89.77,89.77,89.77,89.77,100
MMV,20161031,14.3,14.3,14.24,14.24,600
MNA,20161031,28.92,28.92,28.75,28.77,23800
MOAT,20161031,33.23,33.33,33.17,33.24,48400
MOC,20161031,2.62,2.62,2.56,2.6,5200
MOM,20161031,23.74,23.74,23.74,23.74,200
MOO,20161031,49.41,49.47,49.27,49.31,240100
MORL,20161031,14.8,15.03,14.8,14.96,638100
MORT,20161031,21.85,21.92,21.7,21.92,7900
MRGR,20161031,35.98,35.98,35.98,35.98,0
MRRL,20161031,14.8,14.8,14.8,14.8,100
MSN,20161031,1,1,0.96,0.96,5200
MSTX,20161031,0.08,0.08,0.08,0.08,2700200
MTK,20161031,59.97,60.1,59.87,59.96,109400
MTUM,20161031,75.57,75.95,75.51,75.87,206800
MUB,20161031,111.4,111.47,111.38,111.46,452900
MUNI,20161031,54.22,54.29,54,54.24,7200
MVF,20161031,9.97,9.98,9.85,9.93,195100
MVV,20161031,77.17,78.27,77.17,77.98,25000
MXC,20161031,4.57,4.58,4.35,4.35,14700
MXI,20161031,53.18,53.47,53.15,53.41,58100
MYY,20161031,14.59,14.59,14.45,14.47,6600
MZA,20161031,16.02,16.02,15.6,15.78,10400
MZZ,20161031,32.05,32.05,31.62,31.65,19200
NAIL,20161031,21.05,21.05,21.01,21.04,1200
NAK,20161031,0.82,0.91,0.81,0.84,2822200
NANR,20161031,33.14,33.39,33.09,33.33,37700
NASH,20161031,24.01,24.01,24.01,24.01,100
NAVB,20161031,0.85,0.87,0.84,0.86,184200
NBH,20161031,15.49,15.52,15.34,15.34,36400
NBO,20161031,13.44,13.49,13.35,13.44,18100
NBW,20161031,15.6,15.64,15.57,15.57,6600
NBY,20161031,3.9,4.1,3.85,4,16400
NEAR,20161031,50.19,50.2,50.17,50.17,216900
NEN,20161031,60.21,60.21,60.21,60.21,100
NFLT,20161031,25.78,25.96,25.73,25.76,18200
NFO,20161031,48.29,48.62,48.29,48.62,3900
NFRA,20161031,43.45,43.64,43.45,43.59,20600
NG,20161031,4.96,5.01,4.91,5,1535800
NGD,20161031,4.01,4.02,3.83,3.96,4963800
NGE,20161031,4.68,4.71,4.52,4.59,90700
NHC,20161031,64.77,65.35,63.6,64.7,32300
NHS,20161031,11.73,11.74,11.6,11.61,68700
NIB,20161031,34.71,34.96,34.47,34.8,53800
NINI,20161031,17.17,17.17,17.17,17.17,100
NJV,20161031,16.06,16.25,16.06,16.25,800
NLR,20161031,48,48.17,48,48.17,2900
NML,20161031,8.82,8.82,8.6,8.68,188200
NNVC,20161031,1.47,1.5,1.46,1.46,82200
NOBL,20161031,51.83,51.94,51.76,51.83,315400
NOG,20161031,2.15,2.15,2.05,2.1,371400
NORW,20161031,11.14,11.14,11.03,11.06,6400
NPN,20161031,16.65,16.65,16.65,16.65,600
NRO,20161031,5.4,5.43,5.36,5.4,109200
NSAT,20161031,8,8,7.9,7.95,4700
NSPR,20161031,1.58,1.59,1.41,1.43,75300
NSU,20161031,2.87,2.94,2.83,2.91,780800
NTIP,20161031,2.75,2.75,2.7,2.75,17400
NTN,20161031,6.64,6.64,6.64,6.64,100
NUAG,20161031,24.99,25.01,24.99,24.99,2700
NUGT,20161031,13.12,14.09,12.8,14.06,27815800
NVX,20161031,15.02,15.02,14.9,14.91,13600
NYF,20161031,112.5,112.72,112.5,112.51,10100
NYH,20161031,12.75,12.75,12.4,12.5,10400
NZH,20161031,14.04,14.05,13.96,13.98,51200
OAPH,20161031,25.9,25.9,25.9,25.9,100
OASI,20161031,26.31,26.55,26.28,26.55,1700
OCX,20161031,4.06,4.11,4.05,4.05,1900
OEF,20161031,94.86,95,94.57,94.61,318500
OEUH,20161031,26.11,26.11,25.6,25.64,12700
OEUR,20161031,21.69,21.75,21.67,21.7,2700
OGCP,20161031,19.09,19.5,19.09,19.5,1000
OGEN,20161031,0.41,0.45,0.41,0.42,2200
OIH,20161031,28.57,28.72,28.05,28.07,6471000
OIIL,20161031,31.43,31.43,31.43,31.43,100
OIL,20161031,5.8,5.82,5.6,5.6,4141800
OILK,20161031,20.61,20.61,20.05,20.05,2500
OLEM,20161031,15.39,15.39,15.39,15.39,100
OLO,20161031,4.44,4.45,4.32,4.32,3600
ONEK,20161031,99.84,99.88,99.63,99.63,5200
ONEO,20161031,61.37,61.37,61.37,61.37,100
ONEV,20161031,63.39,63.39,63.39,63.39,200
ONP,20161031,1.06,1.06,1.05,1.05,30300
ORM,20161031,17.95,18.39,17.9,18.25,45100
OUNZ,20161031,12.63,12.66,12.6,12.66,53600
OUSA,20161031,26.56,26.65,26.53,26.6,63400
PAEU,20161031,24.87,24.87,24.87,24.87,0
PAF,20161031,47.99,47.99,47.96,47.97,3000
PAK,20161031,15.31,15.31,15.31,15.31,100
PALL,20161031,58.8,59.46,58.74,59.43,17100
PARR,20161031,13.22,13.3,12.71,12.74,247500
PBD,20161031,10.59,10.65,10.56,10.59,10400
PBE,20161031,37.71,37.71,37.3,37.37,20200
PBJ,20161031,32.51,32.64,32.51,32.61,46900
PBP,20161031,21.17,21.17,21.01,21.09,170000
PBS,20161031,24.62,24.71,24.59,24.63,26100
PBW,20161031,3.71,3.71,3.65,3.67,77000
PCEF,20161031,22.3,22.32,22.2,22.2,111800
PCG-A,20161031,32.96,33.13,32,32.78,30300
PCG-B,20161031,29,29.52,29,29.22,1900
PCG-C,20161031,26.1,26.41,26.1,26.3,1300
PCG-D,20161031,26.45,26.45,26.45,26.45,200
PCG-E,20161031,26.6,26.6,26.6,26.6,100
PCG-G,20161031,26,26,26,26,1500
PCG-H,20161031,25.36,25.36,25.24,25.24,200
PCY,20161031,29.67,29.8,29.67,29.68,2113400
PDN,20161031,27.3,27.31,27.18,27.26,12600
PDP,20161031,41.05,41.22,41,41.2,660100
PED,20161031,0.19,0.2,0.18,0.18,353300
PEJ,20161031,36.19,36.49,36.17,36.47,52000
PEK,20161031,38.64,38.72,38.64,38.7,3800
PERM,20161031,24.99,24.99,24.99,24.99,100
PEX,20161031,37.3,37.3,37.3,37.3,200
PEY,20161031,15.42,15.55,15.42,15.52,530500
PEZ,20161031,40.39,40.53,40.39,40.52,2600
PFF,20161031,39.02,39.08,38.95,38.95,1650900
PFI,20161031,29.43,29.5,29.38,29.49,3900
PFIG,20161031,25.91,25.91,25.84,25.85,7200
PFM,20161031,22.1,22.19,22.1,22.15,37700
PFNX,20161031,8.19,8.19,8,8.01,38000
PFV,20161031,24.92,24.92,24.92,24.92,100
PFXF,20161031,20.33,20.37,20.24,20.25,193000
PGAL,20161031,9.84,9.85,9.81,9.85,4900
PGF,20161031,18.85,18.87,18.83,18.83,464800
PGHD,20161031,27.14,27.14,26.65,26.77,10600
PGHY,20161031,24.28,24.29,24.14,24.29,28100
PGJ,20161031,32.93,32.93,32.24,32.28,39700
PGM,20161031,18.45,18.45,18.45,18.45,900
PGX,20161031,15.03,15.04,14.98,14.98,1788000
PHB,20161031,18.78,18.79,18.68,18.68,3196700
PHDG,20161031,23.44,23.49,23.42,23.42,1500
PHF,20161031,7.01,7.06,6.99,7,43800
PHO,20161031,23.49,23.66,23.49,23.62,37800
PHYS,20161031,10.6,10.63,10.57,10.63,443000
PICB,20161031,24.95,25.05,24.92,25.05,26600
PICK,20161031,12.02,12.09,11.96,12.07,51500
PID,20161031,14.32,14.36,14.26,14.29,309200
PIE,20161031,16.08,16.12,16.06,16.1,79000
PILS,20161031,49.1,49.1,49.1,49.1,100
PIN,20161031,20.73,20.77,20.66,20.77,205100
PIO,20161031,21.19,21.29,21.17,21.29,7200
PIP,20161031,2.8,2.8,2.75,2.75,118100
PIZ,20161031,22.2,22.29,22.19,22.27,92100
PJP,20161031,56.94,57.1,56.41,56.41,179300
PKB,20161031,24.5,24.67,24.46,24.65,11700
PKW,20161031,46.79,46.94,46.78,46.84,64100
PLG,20161031,1.77,1.77,1.72,1.73,190000
PLM,20161031,0.75,0.78,0.73,0.74,487300
PLND,20161031,13.54,13.68,13.54,13.65,4100
PLW,20161031,33.81,33.83,33.79,33.83,5900
PLX,20161031,0.48,0.48,0.43,0.47,146200
PMR,20161031,34.42,34.43,34.33,34.36,800
PPA,20161031,38.52,38.52,38.34,38.42,29600
PPLT,20161031,93.86,94.11,93.43,94.06,14600
PRB,20161031,24.58,24.58,24.58,24.58,200
PRF,20161031,91.95,92.09,91.74,91.76,104100
PRK,20161031,96.81,97.42,96.68,96.93,31600
PRNT,20161031,20.75,20.76,20.6,20.62,17000
PSI,20161031,32.35,32.35,32.05,32.16,22600
PSJ,20161031,46.67,47.02,46.67,46.99,4500
PSK,20161031,45.07,45.26,45,45,71700
PSL,20161031,54.91,55,54.86,54.92,9500
PSLV,20161031,6.83,6.84,6.79,6.84,178000
PSP,20161031,10.64,10.65,10.59,10.59,149400
PSQ,20161031,48.02,48.23,48,48.22,261200
PSR,20161031,75.19,75.19,75.19,75.19,100
PST,20161031,20.72,20.75,20.67,20.71,8800
PTEU,20161031,23.55,23.56,23.47,23.55,3000
PTF,20161031,39.51,39.53,39.27,39.43,5300
PTH,20161031,44.82,44.82,44.63,44.73,8600
PTLC,20161031,22.76,22.84,22.73,22.75,28700
PTM,20161031,10.39,10.44,10.33,10.33,3200
PTMC,20161031,24.65,24.73,24.61,24.7,8700
PTN,20161031,0.51,0.52,0.48,0.52,867400
PTNQ,20161031,22.68,22.75,22.65,22.69,6800
PUI,20161031,25.2,25.73,25.2,25.65,19300
PUTW,20161031,27.23,27.25,27.21,27.21,16300
PUW,20161031,23.25,23.29,23.24,23.28,3100
PVI,20161031,24.91,24.91,24.9,24.91,4500
PW,20161031,8.91,9.37,8.91,9.19,1300
PW-A,20161031,26.4,26.4,26.4,26.4,100
PWB,20161031,31.15,31.15,31.03,31.06,28700
PWC,20161031,73.84,74,73.83,73.95,1400
PWV,20161031,30.99,31.08,30.96,31.02,81500
PWZ,20161031,26.19,26.22,26.1,26.22,22800
PXE,20161031,20.69,20.79,20.53,20.57,16000
PXF,20161031,36.68,36.72,36.54,36.66,67700
PXH,20161031,18.82,18.86,18.71,18.76,92000
PXI,20161031,38.87,38.87,38.42,38.5,16100
PXJ,20161031,11,11,10.76,10.76,12800
PXLG,20161031,33.28,33.28,33.2,33.23,1900
PXLV,20161031,31.66,31.7,31.66,31.7,900
PXMG,20161031,29.85,29.98,29.85,29.95,2800
PXMV,20161031,28.17,28.22,28.13,28.16,3500
PXQ,20161031,38.43,38.69,38.43,38.55,1700
PXR,20161031,31.17,31.21,30.97,31.12,2700
PXSG,20161031,24.12,24.13,24.12,24.13,700
PXSV,20161031,25.1,25.2,25.03,25.2,5300
PYZ,20161031,54.76,55.03,54.7,55,18000
PZA,20161031,25.75,25.79,25.73,25.76,204500
PZD,20161031,31.52,31.57,31.52,31.57,1500
PZG,20161031,1.79,1.79,1.72,1.75,40300
PZI,20161031,16.24,16.24,16.24,16.24,200
PZT,20161031,24.74,24.74,24.64,24.66,3900
QAI,20161031,28.89,28.92,28.85,28.9,176300
QAUS,20161031,48.06,48.06,47.91,47.91,1200
QCAN,20161031,52.15,52.15,51.96,52.12,700
QDEF,20161031,36.76,36.86,36.72,36.72,25000
QDEU,20161031,51.19,51.19,51.19,51.19,100
QDF,20161031,37.08,37.2,37.04,37.13,77000
QDYN,20161031,35.26,35.43,35.26,35.4,2500
QED,20161031,20.14,20.14,20.14,20.14,300
QEFA,20161031,53.77,53.77,53.77,53.77,100
QEMM,20161031,53.84,53.84,53.61,53.69,5200
QESP,20161031,42.24,42.24,42.24,42.24,100
QGBR,20161031,45.74,45.74,45.74,45.74,100
QID,20161031,24.68,24.93,24.68,24.93,1612500
QJPN,20161031,67.95,67.95,67.95,67.95,100
QLD,20161031,84.67,84.71,83.87,83.89,779800
QLS,20161031,19.24,19.24,19.24,19.24,100
QLTA,20161031,52.94,52.99,52.92,52.96,10400
QMEX,20161031,22.27,22.27,22.27,22.27,100
QMN,20161031,25.5,25.5,25.49,25.49,400
QMOM,20161031,23.82,23.82,23.81,23.81,2400
QQQE,20161031,66.89,67.07,66.85,66.95,5100
QTWN,20161031,59.57,59.57,59.57,59.57,100
QUAL,20161031,66.16,66.3,66.05,66.11,235800
QUS,20161031,61.91,61.91,61.89,61.89,200
QVAL,20161031,22.59,22.67,22.48,22.66,7900
QWLD,20161031,62,62.02,62,62.02,500
RALS,20161031,38.99,39.05,38.78,38.78,1800
RAVI,20161031,75.61,75.63,75.6,75.6,4500
RBL,20161031,17.76,17.83,17.71,17.75,3100
RCD,20161031,85.1,85.38,84.99,85.38,7200
RCG,20161031,1.46,1.49,1.38,1.38,21900
RDIV,20161031,31.7,31.7,31.58,31.65,55800
REED,20161031,4.55,4.6,4.4,4.5,61100
REET,20161031,25.21,25.53,25.21,25.53,116400
REGL,20161031,45.05,45.39,44.98,45.3,12500
REI,20161031,9.66,9.66,9.12,9.23,133100
REK,20161031,18.08,18.08,17.86,17.86,10400
REM,20161031,10.43,10.52,10.42,10.51,1251100
REMX,20161031,16.1,16.22,16,16.05,20200
RETL,20161031,38.13,38.77,38.13,38.73,6600
REW,20161031,33.61,33.61,33.61,33.61,600
REZ,20161031,61.54,62.56,61.47,62.54,124600
RFCI,20161031,25.01,25.01,24.96,24.96,2300
RFDA,20161031,25.35,25.35,25.29,25.29,2900
RFFC,20161031,25.5,25.52,25.47,25.49,2200
RFG,20161031,119.32,119.46,118.75,119.33,10200
RFUN,20161031,25.73,25.73,25.51,25.61,1600
RFV,20161031,53.21,53.6,53.21,53.6,12500
RGI,20161031,90.82,91.17,90.69,90.85,313200
RGRO,20161031,45.53,45.53,45.53,45.53,200
RHS,20161031,121.36,121.75,121.26,121.6,277100
RIC,20161031,9.15,9.5,9.08,9.4,203100
RIF,20161031,19.98,20.11,19.95,20.05,44000
RIGS,20161031,25.21,25.28,25.12,25.15,69000
RINF,20161031,28.02,28.02,28.02,28.02,100
RING,20161031,10.06,10.33,10.05,10.3,91700
RISE,20161031,22.83,22.83,22.8,22.83,600
RJA,20161031,6.38,6.44,6.38,6.4,63500
RJI,20161031,5.01,5.03,4.97,4.97,111000
RJN,20161031,2.49,2.49,2.41,2.41,19400
RJZ,20161031,7.67,7.71,7.66,7.69,6800
RLG-A,20161031,24.88,25.11,24.8,25,5000
RLGT,20161031,2.59,2.59,2.5,2.5,51600
RLY,20161031,24.15,24.15,24.03,24.07,19300
RNN,20161031,0.17,0.17,0.16,0.17,874200
ROAM,20161031,21.91,22.07,21.91,21.91,500
RODM,20161031,24.1,24.1,24.01,24.09,1100
ROGS,20161031,24.96,24.96,24.96,24.96,100
ROM,20161031,94.77,95.15,94.52,94.6,9300
ROOF,20161031,25.82,26.03,25.79,26.03,28300
ROUS,20161031,24.02,24.02,24.02,24.02,200
ROX,20161031,0.76,0.77,0.74,0.77,112300
RPG,20161031,82.19,82.28,81.94,82.09,172500
RPV,20161031,52.18,52.45,52.18,52.31,69000
RRF,20161031,41.32,41.32,41.32,41.32,500
RSP,20161031,81.65,81.78,81.45,81.55,605400
RSX,20161031,18.43,18.61,18.4,18.58,11744600
RSXJ,20161031,33.21,33.5,33.1,33.23,24900
RTH,20161031,74.82,75.2,74.82,75.07,10500
RTM,20161031,84.21,84.83,84.21,84.63,314300
RTR,20161031,32.42,32.42,32.42,32.42,100
RUSL,20161031,66.06,67.56,65.57,67.09,111400
RUSS,20161031,10.72,10.72,10.34,10.36,387500
RVNU,20161031,27.11,27.11,26.97,27.11,5900
RVP,20161031,2.6,2.69,2.6,2.66,26100
RWC,20161031,5.35,5.35,5.2,5.2,4000
RWJ,20161031,56.35,56.55,56.21,56.55,11900
RWK,20161031,48.47,48.67,48.46,48.67,13400
RWL,20161031,40.74,40.81,40.71,40.74,22700
RWM,20161031,56.46,56.61,56.22,56.27,452700
RWO,20161031,46.39,46.83,46.32,46.77,196300
RWR,20161031,90.67,91.95,90.39,91.86,682900
RWV,20161031,46.12,46.13,46.12,46.13,200
RWW,20161031,49.27,49.27,49.27,49.27,400
RWX,20161031,38.84,39.05,38.84,38.98,639100
RXD,20161031,50,50,49.25,49.74,3300
RXI,20161031,88.02,88.08,87.68,88,18400
RXL,20161031,57.51,57.63,56.82,56.92,66400
RYE,20161031,57.69,57.87,56.84,57.01,25300
RYF,20161031,31.54,31.64,31.41,31.41,50000
RYH,20161031,144.54,144.54,143.72,143.76,18000
RYJ,20161031,35.1,35.13,35.04,35.13,4100
RYT,20161031,104.71,104.85,104.43,104.63,1004200
RYU,20161031,80.17,81.48,80.17,81.11,27900
RZG,20161031,82.29,82.61,81.97,82.61,8900
RZV,20161031,60.41,60.55,59.95,60.55,9300
SAA,20161031,58.99,59.51,58.57,58.89,1000
SAGG,20161031,31.26,31.26,31.26,31.26,100
SAND,20161031,4.68,4.83,4.58,4.82,963200
SBB,20161031,45.44,45.44,45.44,45.44,100
SBI,20161031,10.47,10.47,10.14,10.18,26800
SBIO,20161031,22.25,22.25,21.83,21.83,37700
SBUS,20161031,25.43,25.43,25.43,25.43,100
SCAP,20161031,26.46,26.46,26.46,26.46,100
SCC,20161031,39.66,39.66,39.5,39.5,400
SCE-B,20161031,24.94,25,24.94,25,700
SCE-C,20161031,25.24,25.24,24.95,24.95,700
SCE-D,20161031,26,26,26,26,600
SCE-E,20161031,25.57,25.87,25.57,25.87,600
SCHA,20161031,55,55.19,54.8,55.11,279300
SCHB,20161031,51.25,51.33,51.14,51.2,454100
SCHC,20161031,29.71,29.75,29.62,29.73,177000
SCHD,20161031,41.7,41.75,41.62,41.65,397900
SCHE,20161031,23.09,23.2,23.07,23.13,340700
SCHF,20161031,28.14,28.19,28.06,28.15,1195800
SCHG,20161031,54.2,54.26,54.02,54.06,213600
SCHH,20161031,39.76,40.28,39.56,40.25,478100
SCHM,20161031,42.02,42.21,41.98,42.14,136500
SCHO,20161031,50.7,50.72,50.7,50.71,114200
SCHP,20161031,56.64,56.69,56.61,56.64,192500
SCHR,20161031,55.05,55.05,54.98,55.02,125100
SCHV,20161031,45,45.14,44.98,45.02,421500
SCHX,20161031,50.73,50.78,50.61,50.66,427600
SCHZ,20161031,53.04,53.1,53.03,53.07,292900
SCID,20161031,22.76,22.84,22.74,22.82,2100
SCIF,20161031,48.42,48.8,48.42,48.79,28900
SCIN,20161031,16.6,16.75,16.6,16.63,1700
SCIU,20161031,25.55,25.55,25.45,25.54,65000
SCIX,20161031,23.1,23.12,23.1,23.12,700
SCJ,20161031,65.15,65.18,64.96,65.13,62500
SCO,20161031,80.74,85.34,80.28,85.34,1006400
SCPB,20161031,30.69,30.72,30.68,30.71,429000
SCTO,20161031,23.74,23.74,23.7,23.71,700
SDD,20161031,29.35,29.35,29.35,29.35,200
SDEM,20161031,14.94,15.02,14.93,14.95,1600
SDIV,20161031,20.45,20.48,20.35,20.44,113000
SDOG,20161031,40.21,40.3,40.12,40.16,160400
SDOW,20161031,13.52,13.59,13.45,13.58,1162600
SDP,20161031,34.11,34.11,32.68,32.79,5800
SDPI,20161031,0.85,0.86,0.83,0.84,43100
SDS,20161031,16.92,17.01,16.88,16.99,7605000
SDY,20161031,81.15,81.53,80.99,81.43,926600
SDYL,20161031,60.55,60.55,60.55,60.55,200
SEA,20161031,11.34,11.34,11.18,11.25,37900
SEB,20161031,3368,3460,3345,3385,400
SEF,20161031,15.79,15.85,15.79,15.85,65300
SENS,20161031,2.4,2.46,2.29,2.34,121600
SFHY,20161031,50.85,50.85,50.85,50.85,0
SFIG,20161031,49.84,49.84,49.84,49.84,0
SGA,20161031,42.75,42.75,42,42,3900
SGAR,20161031,34.18,34.18,34.18,34.18,100
SGB,20161031,16.1,16.1,16.1,16.1,100
SGDJ,20161031,38.4,38.86,37.92,38.86,9100
SGDM,20161031,21.37,22,21.24,22,36100
SGG,20161031,48.74,48.74,48,48,47700
SGOL,20161031,124,124.34,123.67,124.34,40400
SH,20161031,38.7,38.77,38.62,38.73,2122500
SHE,20161031,63.3,63.3,63.15,63.15,400
SHM,20161031,48.68,48.7,48.66,48.7,194900
SHNY,20161031,15.96,16.42,15.96,16.35,1300
SHV,20161031,110.42,110.44,110.4,110.44,560300
SHY,20161031,84.92,84.95,84.92,84.95,1346300
SHYD,20161031,25.06,25.09,25.03,25.06,25600
SHYG,20161031,47.12,47.12,46.97,47,449200
SICK,20161031,39.39,39.75,39.39,39.5,4600
SIF,20161031,10.45,10.45,10.25,10.3,900
SIJ,20161031,31.28,31.34,31.28,31.34,200
SIL,20161031,39.79,40.66,39.56,40.66,180300
SILJ,20161031,13.77,14.11,13.74,14.08,74700
SIM,20161031,10.33,10.56,10.33,10.53,2500
SIPE,20161031,19.72,19.83,19.72,19.83,3700
SIVR,20161031,17.45,17.54,17.4,17.5,71200
SIZE,20161031,68.07,68.29,68.07,68.28,5700
SJB,20161031,25.17,25.26,25.17,25.24,68800
SJNK,20161031,27.56,27.57,27.46,27.48,5038100
SKF,20161031,39.5,39.64,39.39,39.47,17800
SKY,20161031,11.43,11.7,11.04,11.57,32200
SLV,20161031,16.94,17,16.87,16.97,6060000
SLVP,20161031,12.64,12.98,12.64,12.95,37600
SLX,20161031,33.04,33.25,32.83,33.24,31800
SLY,20161031,106.15,106.6,105.89,106.6,6400
SLYG,20161031,179.75,180.64,179.12,180.64,17900
SLYV,20161031,102.72,103.83,102.15,103.09,21700
SMB,20161031,17.58,17.61,17.58,17.61,52000
SMD,20161031,79.08,79.57,79.08,79.57,1100
SMDD,20161031,23.21,23.21,22.81,22.81,3600
SMDV,20161031,46.61,47.09,46.54,47.02,19500
SMEZ,20161031,46.35,46.35,46.35,46.35,100
SMH,20161031,68.16,68.52,68.13,68.27,1572700
SMHD,20161031,17.72,17.84,17.69,17.82,7800
SMIN,20161031,37.58,37.85,37.58,37.75,16500
SMK,20161031,22.7,22.84,22.57,22.65,500
SMLF,20161031,30.77,30.97,30.68,30.97,1200
SMLV,20161031,80.41,80.82,80.25,80.74,4000
SMMU,20161031,50.36,50.42,50.36,50.41,4400
SMMV,20161031,23.99,24.07,23.99,24.03,1600
SMN,20161031,24.63,25.07,24.63,24.96,1700
SOIL,20161031,8.6,8.62,8.6,8.62,7300
SOP,20161031,15.57,15.57,15.57,15.57,100
SOVB,20161031,27.12,28.09,26.85,27.93,4800
SOXL,20161031,45.96,46.4,45.53,45.77,198100
SOXS,20161031,15.47,15.47,15.15,15.37,216300
SOYB,20161031,19.43,19.52,19.37,19.42,4400
SPDN,20161031,19.62,19.65,19.59,19.65,6000
SPFF,20161031,13.21,13.23,13.18,13.18,35900
SPHB,20161031,32.61,32.61,32.29,32.3,526300
SPHD,20161031,37.59,37.77,37.58,37.71,498100
SPHQ,20161031,24.81,24.85,24.75,24.77,1398600
SPLV,20161031,40.27,40.56,40.23,40.46,2239900
SPLX,20161031,33.84,33.84,33.84,33.84,100
SPP,20161031,13.95,14.2,13.67,13.85,11300
SPPP,20161031,6.72,6.74,6.68,6.74,37300
SPUN,20161031,19.61,19.61,19.61,19.61,100
SPUU,20161031,35.97,35.99,35.97,35.99,400
SPXE,20161031,44,44,44,44,100
SPXH,20161031,29.58,29.58,29.32,29.38,11000
SPXL,20161031,92.31,92.6,91.53,91.68,943100
SPXS,20161031,12.84,12.95,12.79,12.93,2749500
SPXU,20161031,24.23,24.44,24.15,24.41,3801600
SPY,20161031,212.93,213.19,212.36,212.55,61272500
SPYB,20161031,48.56,48.56,48.56,48.56,7000
SPYD,20161031,33.53,33.57,33.48,33.51,17600
SPYG,20161031,103.07,103.29,102.98,102.98,14400
SPYV,20161031,101.35,101.52,101.28,101.28,4800
SPYX,20161031,51.25,51.25,51.25,51.25,300
SRLN,20161031,47.35,47.38,47.31,47.31,139400
SRS,20161031,38.29,38.7,37.54,37.7,130100
SRTY,20161031,20.39,20.59,20.16,20.23,605300
SSG,20161031,25.96,25.96,25.32,25.72,17600
SSN,20161031,0.8,0.84,0.75,0.78,197000
SSO,20161031,68.64,68.79,68.26,68.36,2299100
SST,20161031,30.42,30.45,30.42,30.44,18900
SSY,20161031,1.08,1.15,1.08,1.15,28300
STIP,20161031,101.1,101.14,101.07,101.1,96600
STOT,20161031,50.36,50.44,50.36,50.44,5400
STPZ,20161031,52.68,52.71,52.6,52.67,34200
STRP,20161031,24.35,24.35,23.09,24.28,148500
STS,20161031,11.3,12.4,11.18,12.19,533300
SUB,20161031,105.86,105.89,105.82,105.89,152000
SVT,20161031,10.71,10.85,10.53,10.83,17900
SVXY,20161031,73.9,74.1,71.38,71.82,3734000
SYE,20161031,59.5,59.79,59.5,59.79,1600
SYG,20161031,60.43,60.85,60.43,60.68,2900
SYLD,20161031,29.45,29.55,29.4,29.55,8100
SYN,20161031,1.37,1.4,1.32,1.4,153100
SYRG,20161031,7.06,7.06,6.77,6.84,4880600
SYV,20161031,54.07,54.07,54.07,54.07,500
SZK,20161031,18.97,18.97,18.84,18.85,7700
SZO,20161031,84.97,84.97,84.97,84.97,200
TAGS,20161031,27.09,27.09,26.34,26.37,1200
TAN,20161031,19.44,19.44,19.1,19.1,131500
TAO,20161031,21.79,21.84,21.69,21.77,15900
TAT,20161031,1.06,1.06,1.04,1.04,9400
TBF,20161031,22.04,22.07,21.96,21.98,333600
TBT,20161031,34.66,34.74,34.43,34.44,2001200
TBX,20161031,27.76,27.79,27.76,27.77,3000
TCHF,20161031,29.3,29.3,29.3,29.3,0
TDTF,20161031,25.47,25.48,25.45,25.47,62600
TDTT,20161031,24.85,24.86,24.81,24.81,47100
TECL,20161031,47.66,47.87,47.31,47.31,20900
TECS,20161031,19.07,19.26,19.07,19.26,29200
TFI,20161031,49.47,49.49,49.43,49.47,225400
TFLO,20161031,50.14,50.14,50.12,50.12,200
TGB,20161031,0.45,0.46,0.44,0.45,114100
TGC,20161031,0.95,0.99,0.88,0.88,126000
TGD,20161031,0.46,0.47,0.46,0.46,611300
THD,20161031,71.99,72.26,71.79,72.03,109300
THHY,20161031,23.27,23.27,23.27,23.27,100
THM,20161031,0.73,0.76,0.73,0.74,107700
THRK,20161031,158.21,158.22,157.63,158.15,1400
TIK,20161031,3.75,3.85,3.75,3.85,1800
TILT,20161031,89,89,88.23,88.42,14800
TIP,20161031,115.77,115.86,115.67,115.86,2417200
TIPX,20161031,19.81,19.81,19.81,19.81,600
TIPZ,20161031,58.94,59,58.94,59,6200
TIS,20161031,25.19,25.79,25.04,25.66,78100
TLDH,20161031,24,24,23.98,23.99,7800
TLEH,20161031,26,26,25.73,25.87,4400
TLH,20161031,141.19,141.34,141.11,141.33,18900
TLO,20161031,75.41,75.62,75.33,75.59,61300
TLTD,20161031,55.57,55.73,55.46,55.72,22000
TLTE,20161031,47.94,47.94,47.69,47.85,6800
TMF,20161031,23.89,24.07,23.78,24.01,268900
TMP,20161031,79.43,79.6,78.9,79.28,33200
TMQ,20161031,0.48,0.51,0.48,0.49,56500
TMV,20161031,18.98,19.04,18.8,18.82,537100
TNA,20161031,68.43,69.18,67.71,68.88,1822500
TOK,20161031,52.95,52.95,52.93,52.93,300
TOLZ,20161031,39.65,39.84,39.65,39.81,2200
TOTL,20161031,49.83,49.89,49.83,49.87,161400
TPHS,20161031,9.14,9.66,8.98,9.66,57300
TPLM,20161031,0.25,0.25,0.23,0.23,1329400
TPYP,20161031,22.62,22.66,22.53,22.58,3400
TRSK,20161031,26.87,26.99,26.87,26.97,7300
TRT,20161031,3.19,3.26,3.1,3.26,3100
TRX,20161031,0.71,0.74,0.66,0.66,145900
TRXC,20161031,1.5,1.53,1.46,1.5,382300
TTAC,20161031,24.79,24.79,24.79,24.79,200
TTFS,20161031,58.18,58.38,58.18,58.35,6100
TTT,20161031,25.87,25.89,25.61,25.61,18700
TUR,20161031,37.38,37.56,37.18,37.36,229500
TUZ,20161031,51,51.03,50.98,51.03,2500
TWM,20161031,31.7,31.89,31.45,31.51,849100
TWOK,20161031,70.08,70.2,69.9,70.2,11200
TXMD,20161031,5.63,5.76,5.57,5.74,1697400
TYBS,20161031,20.16,20.16,20.05,20.08,1700
TYD,20161031,51,51.23,51,51.23,700
TYNS,20161031,27.84,27.85,27.83,27.83,1500
TYO,20161031,13.99,13.99,13.61,13.96,13800
TZA,20161031,30.92,31.23,30.55,30.66,5734200
UAMY,20161031,0.39,0.41,0.35,0.41,48300
UBC,20161031,15.85,15.85,15.48,15.69,6600
UBR,20161031,74.54,74.75,74.1,74.1,6700
UBT,20161031,87.41,88.03,87.18,87.78,353900
UCC,20161031,104.39,104.39,104.39,104.39,400
UCI,20161031,13.66,13.66,13.52,13.53,25500
UCO,20161031,10.21,10.27,9.61,9.62,10281700
UDN,20161031,21.34,21.41,21.33,21.41,78000
UDOW,20161031,73.14,73.25,72.5,72.58,294400
UEC,20161031,0.88,0.91,0.86,0.9,306900
UFAB,20161031,12.75,12.95,12.12,12.49,24600
UGA,20161031,27.53,27.58,26.98,27.04,55500
UGAZ,20161031,37.5,37.73,32.85,33.08,4246800
UGE,20161031,37.71,37.71,37.25,37.45,5700
UGL,20161031,41.18,41.38,40.92,41.33,48800
UHN,20161031,15.36,15.36,15.02,15.04,3700
UJB,20161031,60.7,60.7,60.7,60.7,100
ULE,20161031,15.33,15.33,15.24,15.31,2500
ULST,20161031,40.23,40.25,40.2,40.25,19700
UMDD,20161031,58.05,59.27,58.05,59.27,2800
UMX,20161031,23.86,23.86,23.86,23.86,100
UNG,20161031,8.43,8.45,8.07,8.08,8102500
UNL,20161031,10.61,10.61,10.27,10.27,7300
UPRO,20161031,69.94,70.2,69.39,69.5,1599600
UPV,20161031,36.27,36.27,36.27,36.27,100
UPW,20161031,38.72,40.25,38.53,40.17,8200
UQM,20161031,0.51,0.52,0.49,0.52,64000
URA,20161031,12.26,12.28,12.12,12.12,41800
URE,20161031,108.95,111.61,108.33,111.47,26600
URG,20161031,0.51,0.51,0.49,0.51,149200
URR,20161031,16.74,16.74,16.74,16.74,100
URTH,20161031,71.34,71.37,71.04,71.12,32000
URTY,20161031,80.09,80.92,79.29,80.62,87100
USCI,20161031,42.12,42.19,41.98,42,103900
USD,20161031,117.61,118.2,117.56,118.09,1800
USDU,20161031,26.8,26.87,26.76,26.8,25900
USFR,20161031,24.99,24.99,24.99,24.99,100
USL,20161031,18.59,18.61,18.07,18.08,72200
USMR,20161031,24.4,24.4,24.4,24.4,100
USMV,20161031,43.92,44.21,43.92,44.18,2501300
USO,20161031,10.84,10.88,10.53,10.53,45276300
USSD,20161031,25.35,25.35,25.35,25.35,100
UST,20161031,61.51,61.58,61.5,61.58,5000
UTES,20161031,30.96,30.96,30.92,30.92,900
UTG,20161031,30.04,30.2,29.95,30,82900
UTLF,20161031,24.87,24.87,24.87,24.87,0
UUP,20161031,25.48,25.51,25.42,25.42,1010000
UUU,20161031,3.35,3.48,3.35,3.48,400
UUUU,20161031,1.45,1.48,1.44,1.45,124800
UVXY,20161031,15.69,16.8,15.62,16.59,33068100
UWM,20161031,85.55,86.22,85.04,85.96,81300
UWN,20161031,1.7,1.75,1.7,1.71,14800
UWTI,20161031,23.17,23.44,21.18,21.21,23636000
UXI,20161031,41.56,41.56,41.27,41.27,2900
UYG,20161031,73.19,73.26,72.77,72.91,21000
UYM,20161031,42.49,42.62,42.42,42.52,9700
VAMO,20161031,22.29,22.29,22.29,22.29,1400
VAW,20161031,104.43,104.45,103.95,104.29,43200
VB,20161031,116.76,117.35,116.55,117.22,357300
VBK,20161031,124.44,124.85,123.99,124.68,1456400
VBR,20161031,107.01,107.54,106.81,107.43,2614800
VCF,20161031,14.94,15.23,14.9,15.12,8100
VCR,20161031,122.45,122.76,122.29,122.67,46100
VDC,20161031,135.6,136.13,135.6,135.81,57600
VDE,20161031,94.99,95.3,93.91,94.07,148100
VEA,20161031,36.51,36.58,36.39,36.51,18429300
VEGA,20161031,26.89,26.89,26.89,26.89,400
VEGI,20161031,23.89,23.89,23.89,23.89,200
VEU,20161031,44.62,44.74,44.53,44.66,2523400
VFH,20161031,50.46,50.54,50.27,50.28,314100
VFL,20161031,13.77,14.21,13.77,13.88,8900
VGK,20161031,46.97,47.11,46.84,47.01,2016000
VGT,20161031,120,120.14,119.69,119.72,545200
VGZ,20161031,0.89,0.91,0.85,0.9,271900
VHC,20161031,2.95,3.1,2.95,3.05,347400
VHT,20161031,123.87,123.91,123.26,123.35,220100
VIG,20161031,82.24,82.49,82.13,82.31,704500
VII,20161031,0.57,0.59,0.56,0.56,7700
VIOG,20161031,110.93,111.41,110.72,111.38,8800
VIOO,20161031,107.68,107.93,106.97,107.84,14000
VIOV,20161031,103.07,103.07,102.49,103.06,3200
VIS,20161031,108.5,108.79,108.42,108.47,52700
VISI,20161031,6.4,6.6,6.4,6.55,26300
VIXH,20161031,23.32,23.32,23.32,23.32,700
VIXM,20161031,44.93,45.12,44.71,44.86,36000
VIXY,20161031,27.67,28.62,27.62,28.42,1892400
VKI,20161031,11.71,11.73,11.68,11.7,129600
VLU,20161031,81.68,81.68,81.68,81.68,100
VLUE,20161031,64.49,64.63,64.4,64.5,55400
VMAX,20161031,12.11,12.49,12.11,12.46,11600
VMIN,20161031,34.56,34.56,33.96,33.96,1800
VMM,20161031,14.48,14.64,14.46,14.46,9500
VNM,20161031,14.35,14.41,14.3,14.33,88100
VNQ,20161031,80.8,81.91,80.47,81.76,5009600
VNRX,20161031,4.6,4.63,4.42,4.43,31800
VO,20161031,125.24,125.63,125.05,125.47,2788100
VOE,20161031,91.16,91.49,91.07,91.31,193400
VOO,20161031,195.49,195.74,194.98,195.13,1816200
VOOG,20161031,107.27,107.27,106.8,106.83,23900
VOOV,20161031,90.32,90.34,90.09,90.12,8300
VOT,20161031,102.25,102.53,102.05,102.46,68700
VOX,20161031,91.27,91.32,90.83,90.98,59900
VPL,20161031,59.98,60.13,59.88,60.02,238500
VPU,20161031,105.98,108.38,105.98,107.92,277400
VQT,20161031,131.96,132.05,131.78,131.78,2600
VRP,20161031,25.36,25.43,25.34,25.43,268400
VSR,20161031,1.24,1.26,1.22,1.24,29100
VSS,20161031,96.63,96.73,96.35,96.59,64800
VT,20161031,59.72,59.77,59.54,59.65,630900
VTEB,20161031,51.7,51.73,51.66,51.72,54700
VTI,20161031,109.05,109.21,108.81,108.89,1913600
VTV,20161031,86.12,86.35,86,86.05,1144100
VUG,20161031,109.73,109.74,109.27,109.38,488500
VV,20161031,97.51,97.62,97.3,97.36,229200
VWO,20161031,37.66,37.83,37.57,37.75,11070700
VXF,20161031,87.57,87.88,87.35,87.77,200400
VXX,20161031,33.24,34.38,33.15,34.14,30378700
VXZ,20161031,36.8,37.18,36.8,36.93,79700
VYM,20161031,71.2,71.42,71.18,71.22,479200
WBIA,20161031,20.7,20.76,20.69,20.71,10800
WBIB,20161031,22.13,22.25,22.13,22.21,8400
WBIC,20161031,20.34,20.44,20.34,20.41,11800
WBID,20161031,20.33,20.41,20.33,20.38,9000
WBIE,20161031,20.85,20.89,20.79,20.85,11400
WBIF,20161031,21.65,21.69,21.6,21.65,8100
WBIG,20161031,19.16,19.21,19.12,19.17,14900
WBIH,20161031,23.2,23.27,23.2,23.21,37800
WBII,20161031,24.92,24.92,24.86,24.86,60400
WBIL,20161031,20.83,20.94,20.83,20.89,8600
WBIR,20161031,23.85,23.85,23.82,23.82,4900
WDIV,20161031,61.58,61.66,61.41,61.59,7400
WDTI,20161031,41.87,41.92,41.67,41.69,23200
WEAT,20161031,7.3,7.36,7.29,7.34,510200
WEET,20161031,33.52,33.52,33.52,33.52,100
WFHY,20161031,51.53,51.53,51.53,51.53,100
WFIG,20161031,49.92,49.92,49.92,49.92,100
WGA,20161031,0.26,0.28,0.25,0.28,38500
WIL,20161031,55.24,55.24,55.24,55.24,100
WIP,20161031,55.04,55.43,55.01,55.24,45200
WMCR,20161031,26.51,26.61,26.31,26.55,6100
WMW,20161031,22.79,22.96,22.79,22.94,1200
WPS,20161031,35.78,35.94,35.78,35.92,6700
WREI,20161031,45.78,46.09,45.25,46.09,2600
WRN,20161031,0.78,0.78,0.75,0.75,9800
WSKY,20161031,25.09,25.09,24.79,24.89,2000
WTRX,20161031,25.61,25.61,25.61,25.61,400
WTT,20161031,1.56,1.56,1.52,1.53,7300
WYDE,20161031,35.03,35.03,35.03,35.03,0
WYY,20161031,0.42,0.42,0.41,0.42,57100
XAR,20161031,58.96,58.96,58.08,58.33,16900
XBI,20161031,56.91,57.05,56.05,56.15,5399800
XCEM,20161031,23.71,24.19,23.71,24.19,3000
XES,20161031,18.1,18.16,17.64,17.66,549400
XHB,20161031,31.59,31.8,31.58,31.62,1861900
XHE,20161031,47.89,47.93,47.35,47.89,332500
XHS,20161031,49.9,50.4,49.9,50.38,14300
XINA,20161031,21.87,21.87,21.87,21.87,100
XITK,20161031,59.7,59.83,59.38,59.52,10900
XIVH,20161031,29.94,29.94,29.75,29.79,1400
XLB,20161031,46.74,46.89,46.66,46.75,7162100
XLE,20161031,69.12,69.49,68.5,68.62,12973800
XLF,20161031,19.87,19.87,19.74,19.74,38579100
XLFS,20161031,31.36,31.5,31.14,31.14,14100
XLG,20161031,150.52,150.64,150.04,150.04,23700
XLI,20161031,57.32,57.43,57.17,57.21,9590900
XLK,20161031,47.56,47.63,47.42,47.42,5879900
XLP,20161031,52.71,52.93,52.67,52.8,8579000
XLRE,20161031,30.6,30.98,30.52,30.95,1071300
XLU,20161031,48.58,49.72,48.45,49.43,22715800
XLV,20161031,67.76,67.77,67.34,67.36,12688900
XLY,20161031,78.15,78.3,77.94,78.1,5898900
XME,20161031,25.12,25.5,24.96,25.47,4675500
XMLV,20161031,37.94,38.26,37.85,38.24,84600
XMPT,20161031,27.09,27.23,26.82,26.91,39900
XOP,20161031,35.98,36.14,35.22,35.35,24128600
XPH,20161031,40.5,40.53,39.75,39.75,209200
XPL,20161031,0.66,0.66,0.64,0.64,18800
XPP,20161031,50.77,51.25,50.74,50.89,7400
XRA,20161031,1.12,1.17,1.1,1.15,158800
XRLV,20161031,26.81,26.81,26.67,26.74,66800
XRT,20161031,42.12,42.25,41.98,42.23,1557700
XSD,20161031,51.11,51.13,50.8,50.95,76100
XSLV,20161031,37.55,37.95,37.49,37.87,95800
XSOE,20161031,23.15,23.15,23.15,23.15,100
XSW,20161031,53.58,53.63,53.45,53.63,600
XT,20161031,25.3,25.34,25.23,25.29,30200
XTL,20161031,63.4,65.99,63.13,63.53,22800
XTN,20161031,47.25,47.48,47.22,47.45,9100
XTNT,20161031,0.84,0.84,0.68,0.75,22200
XVZ,20161031,28.24,28.24,28.23,28.23,700
XWEB,20161031,58.45,58.45,58.45,58.45,300
XXII,20161031,1.34,1.35,1.25,1.29,1036300
YANG,20161031,15.45,15.46,15.21,15.44,387100
YAO,20161031,26.33,26.42,26.28,26.32,2100
YCL,20161031,69.3,69.3,69.3,69.3,300
YCS,20161031,65.06,65.27,64.78,64.88,85400
YGRO,20161031,10.45,10.47,10.36,10.47,2600
YINN,20161031,17.3,17.51,17.22,17.26,610100
YMLI,20161031,14.75,14.75,14.55,14.55,2300
YMLP,20161031,25.8,25.85,25.5,25.66,17600
YUMA,20161031,2.88,2.89,2.3,2.5,58900
YXI,20161031,26.1,26.1,25.92,26,2500
YYY,20161031,18.82,18.84,18.69,18.71,47600
ZBZX,20161031,1.23,1.23,1.23,1.23,0
ZDGE,20161031,2.99,3.1,2.87,2.92,21700
ZMLP,20161031,18.3,18.3,18,18.09,19400
ZROZ,20161031,124.59,125.29,124.47,125.09,12700
ZSL,20161031,32.28,32.57,32.08,32.18,27200
ZSML,20161031,22.02,22.02,22.02,22.02,100
